2009 06 11 00 04 18.000 0.181769 0.275074 120.14449 0.36258615 0.0017689 12 0.228421
2009 06 11 00 10 06.000 1.442700 5.000000 285.53361 0.34046638 0.0011808 28 2.897176
2009 06 11 00 19 39.000 0.181769 0.629960 129.09785 0.34992901 0.0040472 13 0.373455
2009 06 11 00 19 51.000 2.183260 5.000000 285.62411 0.34038381 0.0006725 18 3.447805
2009 06 11 00 23 18.000 0.181769 0.629960 134.77315 0.36296804 0.0038375 21 0.410555
2009 06 11 00 26 27.000 0.079370 0.181769 215.94652 0.40216543 0.0023516 22 0.104396
2009 06 11 00 28 15.000 1.442700 5.000000 284.12977 0.33989715 0.0011426 29 2.908354
2009 06 11 00 40 39.000 0.416276 0.953334 79.24227 0.33961531 0.0016742 10 0.711088
2009 06 11 00 53 18.000 0.275074 0.629960 138.99697 0.34997224 0.0027093 15 0.428482
2009 06 11 01 00 00.000 0.181769 0.629960 132.68015 0.35395486 0.0048305 26 0.332506
2009 06 11 01 03 54.000 0.181769 0.629960 135.10199 0.35446432 0.0044355 14 0.350197
2009 06 11 01 04 27.000 0.181769 0.629960 134.91045 0.35951480 0.0038039 24 0.380525
2009 06 11 01 11 48.000 0.181769 0.416276 136.13105 0.35799524 0.0030664 11 0.281718
2009 06 11 01 30 03.000 0.181769 0.629960 130.25902 0.35638737 0.0045999 12 0.355707
2009 06 11 01 45 45.000 0.629960 1.442700 64.59722 0.35797838 0.0011633 17 0.982880
2009 06 11 01 48 18.000 0.629960 1.442700 65.96895 0.34877314 0.0011723 11 1.050246
2009 06 11 01 49 33.000 0.275074 0.629960 131.78281 0.34088399 0.0028035 11 0.361806
2009 06 11 01 57 00.000 0.629960 3.303980 64.00836 0.34476020 0.0020597 41 1.529988
2009 06 11 02 18 39.000 0.181769 0.416276 133.12503 0.36414026 0.0042952 13 0.309597
2009 06 11 03 14 45.000 0.953334 5.000000 156.64655 0.34390271 0.0095765 16 2.415911
2009 06 11 07 35 24.000 0.181769 0.275074 72.69389 0.35553330 0.0158360 12 0.228421
2009 06 11 08 01 12.000 0.629960 5.000000 66.63619 0.35377838 0.0063704 100 1.516413
2009 06 11 08 03 09.000 0.953334 2.183260 66.81837 0.35018851 0.0031302 10 1.382506
2009 06 11 08 09 03.000 0.953334 3.303980 63.69268 0.34012096 0.0030369 28 1.759536
2009 06 11 08 10 33.000 0.953334 3.303980 64.49176 0.33755220 0.0031342 36 1.943601
2009 06 11 11 08 54.000 0.120112 0.181769 113.93922 0.38769760 0.0021983 15 0.150941
2009 06 11 11 12 00.000 0.120112 0.629960 102.64826 0.33473864 0.0091447 46 0.258347
2009 06 11 11 29 39.000 0.181769 0.416276 121.64682 0.35222332 0.0049165 13 0.273519
2009 06 11 11 39 54.000 0.181769 0.629960 126.16398 0.36145542 0.0060846 21 0.371322
2009 06 11 11 40 39.000 0.181769 0.629960 127.04284 0.36162210 0.0063292 26 0.289363
2009 06 11 11 45 00.000 0.181769 0.953334 111.97723 0.35976143 0.0085623 24 0.362140
2009 06 11 12 10 24.000 0.181769 0.416276 112.56418 0.34887161 0.0053706 10 0.298774
2009 06 11 12 14 03.000 0.120112 0.416276 115.93571 0.35550068 0.0074270 38 0.258340
2009 06 11 12 21 06.000 0.181769 0.275074 94.25670 0.37847038 0.0033511 10 0.228421
2009 06 11 12 25 54.000 0.181769 0.416276 110.38890 0.34444005 0.0062189 22 0.292378
2009 06 11 12 32 27.000 0.120112 0.629960 111.90576 0.34492308 0.0106654 16 0.196058
2009 06 11 12 33 18.000 0.120112 0.416276 115.66105 0.36496047 0.0086037 49 0.196923
2009 06 11 12 36 21.000 0.120112 0.416276 125.11324 0.35743291 0.0063950 16 0.211537
2009 06 11 12 37 15.000 0.275074 0.953334 129.34688 0.34444021 0.0052461 15 0.606871
2009 06 11 12 39 30.000 0.079370 0.953334 107.32068 0.34018560 0.0162665 46 0.210151
2009 06 11 12 41 33.000 0.079370 0.629960 116.20912 0.34515824 0.0142210 41 0.256580
2009 06 11 12 44 18.000 0.120112 0.275074 113.11109 0.34526707 0.0047625 45 0.185377
2009 06 11 12 46 24.000 0.120112 0.275074 111.43467 0.35382749 0.0045198 15 0.161271
2009 06 11 12 46 57.000 0.079370 0.181769 148.13446 0.35757418 0.0029731 10 0.115101
2009 06 11 12 47 48.000 0.181769 0.629960 103.85165 0.37426800 0.0085217 14 0.379622
2009 06 11 12 50 09.000 0.120112 0.416276 111.91852 0.35176110 0.0083493 11 0.214522
2009 06 11 12 51 03.000 0.120112 0.629960 111.35080 0.34879630 0.0104366 40 0.200974
2009 06 11 12 52 18.000 0.181769 0.629960 121.43598 0.34476416 0.0069228 10 0.375457
2009 06 11 12 53 15.000 0.120112 0.629960 115.97950 0.35301926 0.0100370 24 0.270951
2009 06 11 12 55 06.000 0.120112 0.275074 115.65006 0.35876457 0.0059349 23 0.177890
2009 06 11 12 59 48.000 0.181769 0.416276 114.98446 0.35905865 0.0061070 11 0.249740
2009 06 11 13 07 12.000 0.181769 0.416276 113.92664 0.35276910 0.0052297 15 0.267506
2009 06 11 13 14 33.000 0.275074 0.953334 116.55568 0.34195345 0.0056580 22 0.495211
2009 06 11 13 20 00.000 0.181769 0.416276 101.12001 0.34446754 0.0064265 11 0.281718
2009 06 11 13 20 18.000 0.181769 0.629960 95.21445 0.37439853 0.0101443 17 0.342686
2009 06 11 13 21 06.000 0.953334 2.183260 33.97074 0.32964861 0.0010040 11 1.645263
2009 06 11 13 26 33.000 0.181769 0.416276 108.63622 0.33771980 0.0075167 12 0.267506
2009 06 11 13 28 45.000 0.181769 0.416276 113.38402 0.35798865 0.0069602 14 0.245172
2009 06 11 13 35 39.000 0.181769 0.953334 112.26291 0.36938666 0.0101701 23 0.293693
2009 06 11 13 44 42.000 0.181769 0.416276 118.33154 0.35865207 0.0062658 18 0.267506
2009 06 11 13 53 12.000 0.181769 0.953334 126.03549 0.34795172 0.0096596 17 0.578143
2009 06 11 14 03 48.000 0.416276 0.629960 126.35888 0.34268882 0.0025814 10 0.523118
2009 06 11 14 06 21.000 0.120112 0.416276 108.13560 0.34869252 0.0100804 11 0.246312
2009 06 11 14 07 48.000 0.181769 0.953334 127.03319 0.34632595 0.0085275 30 0.426946
2009 06 11 14 13 57.000 0.181769 0.416276 115.94773 0.35067064 0.0070167 22 0.281718
2009 06 11 14 17 54.000 0.120112 0.275074 105.07285 0.36293414 0.0087850 20 0.197429
2009 06 11 14 22 00.000 0.120112 0.629960 116.71854 0.35668170 0.0145481 25 0.263051
2009 06 11 14 24 24.000 0.181769 1.442700 118.70014 0.34554269 0.0112629 86 0.381610
2009 06 11 14 26 54.000 0.181769 0.629960 116.90854 0.35979836 0.0111628 21 0.332088
2009 06 11 14 28 12.000 0.181769 0.953334 117.01706 0.34288399 0.0118906 30 0.371811
2009 06 11 14 29 48.000 0.181769 0.953334 126.13810 0.33770322 0.0099124 34 0.467312
2009 06 11 14 32 39.000 0.120112 0.953334 117.60688 0.36035269 0.0125266 19 0.347765
2009 06 11 14 35 30.000 0.181769 0.953334 125.78237 0.33958031 0.0126133 13 0.398500
2009 06 11 14 37 51.000 0.181769 0.275074 109.03886 0.35443060 0.0060042 10 0.228421
2009 06 11 14 41 48.000 0.181769 0.953334 115.91357 0.36346322 0.0121045 16 0.362849
2009 06 11 14 44 24.000 0.416276 0.953334 125.84052 0.35311202 0.0031505 16 0.573467
2009 06 11 14 46 24.000 0.120112 0.629960 116.96384 0.36591323 0.0153693 37 0.250305
2009 06 11 14 48 39.000 0.181769 0.953334 121.40967 0.34237516 0.0093088 32 0.526899
2009 06 11 14 53 12.000 0.120112 0.629960 122.11799 0.35479380 0.0132038 32 0.383065
2009 06 11 14 54 30.000 0.120112 0.629960 111.91327 0.35433976 0.0163800 13 0.191490
2009 06 11 14 56 00.000 0.120112 0.416276 120.21302 0.34773812 0.0125672 25 0.266025
2009 06 11 15 00 06.000 0.953334 5.000000 117.95071 0.33854519 0.0021682 14 2.357520
2009 06 11 15 01 33.000 0.416276 0.953334 129.67981 0.34913575 0.0030036 14 0.657382
2009 06 11 15 04 09.000 0.181769 0.629960 123.73396 0.35386243 0.0115027 14 0.468344
2009 06 11 15 05 30.000 0.181769 0.416276 117.16127 0.36059956 0.0072548 14 0.261922
2009 06 11 15 08 30.000 0.181769 1.442700 127.81383 0.34218193 0.0120732 34 0.437373
2009 06 11 15 11 00.000 0.120112 0.629960 115.17891 0.34979137 0.0128703 38 0.313618
2009 06 11 15 14 30.000 0.120112 0.953334 120.53035 0.35203701 0.0163499 27 0.372503
2009 06 11 15 16 15.000 0.181769 0.953334 115.60784 0.36916096 0.0100731 12 0.402902
2009 06 11 15 18 54.000 0.120112 0.953334 126.38907 0.35475717 0.0148351 23 0.366401
2009 06 11 15 20 18.000 0.120112 0.275074 116.91395 0.36488001 0.0073903 14 0.162009
2009 06 11 15 24 42.000 0.120112 0.629960 116.55925 0.36354830 0.0116792 52 0.216939
2009 06 11 15 28 03.000 0.120112 0.629960 113.11006 0.35322418 0.0145988 19 0.237450
2009 06 11 15 31 21.000 0.120112 0.629960 120.35468 0.35047315 0.0149095 20 0.335646
2009 06 11 15 34 12.000 0.181769 0.629960 110.42118 0.35308203 0.0093474 27 0.291565
2009 06 11 15 36 51.000 0.120112 0.275074 112.44311 0.35819926 0.0067408 34 0.182844
2009 06 11 15 41 39.000 0.181769 0.629960 125.96098 0.33862585 0.0084323 18 0.290392
2009 06 11 15 45 15.000 0.181769 0.629960 105.49271 0.36400882 0.0089562 18 0.355880
2009 06 11 15 45 48.000 0.120112 0.275074 105.31551 0.31628710 0.0065446 10 0.166437
2009 06 11 15 44 48.000 0.120112 0.629960 121.23020 0.34087191 0.0124431 47 0.240556
2009 06 11 15 48 45.000 0.120112 0.181769 111.98594 0.35434821 0.0029244 10 0.150941
2009 06 11 15 50 30.000 0.120112 0.181769 111.00288 0.36661019 0.0025919 10 0.150941
2009 06 11 15 59 03.000 0.120112 0.275074 117.42063 0.35789835 0.0056160 13 0.198621
2009 06 11 16 02 12.000 0.120112 0.629960 117.42094 0.37030254 0.0135597 24 0.244101
2009 06 11 16 04 30.000 0.181769 0.953334 110.04012 0.37992921 0.0121798 11 0.279624
2009 06 11 16 09 00.000 0.120112 0.629960 119.66467 0.35927009 0.0121889 27 0.216724
2009 06 11 16 12 48.000 0.079370 0.416276 119.29648 0.34095187 0.0124565 32 0.181181
2009 06 11 16 18 12.000 0.120112 0.953334 118.59929 0.35410550 0.0142857 25 0.334572
2009 06 11 16 19 57.000 0.275074 0.629960 110.98117 0.31866306 0.0058017 11 0.442462
2009 06 11 16 19 42.000 0.120112 0.953334 117.36022 0.34836238 0.0160294 56 0.259273
2009 06 11 16 24 03.000 0.120112 0.629960 108.79098 0.33768347 0.0152312 29 0.303454
2009 06 11 16 26 27.000 0.181769 0.953334 114.88170 0.35692585 0.0148790 11 0.403347
2009 06 11 16 29 18.000 0.120112 0.629960 123.26110 0.34153950 0.0126472 19 0.293575
2009 06 11 16 33 33.000 0.120112 0.416276 108.73111 0.35263506 0.0116034 11 0.256972
2009 06 11 16 36 27.000 0.181769 0.629960 116.58864 0.36400862 0.0120076 14 0.270521
2009 06 11 16 40 48.000 0.120112 0.275074 122.39922 0.34745264 0.0046954 12 0.189681
2009 06 11 16 41 36.000 0.079370 0.120112 192.65722 0.47074597 0.0024688 10 0.099741
2009 06 11 16 43 48.000 0.181769 0.629960 110.10236 0.35308661 0.0088298 13 0.364195
2009 06 11 16 44 15.000 0.181769 0.629960 120.67098 0.36387101 0.0097550 14 0.333447
2009 06 11 16 53 39.000 0.120112 0.629960 111.15530 0.35794969 0.0109961 10 0.258098
2009 06 11 16 54 45.000 0.120112 0.953334 119.44080 0.35014642 0.0144656 16 0.464196
2009 06 11 16 57 54.000 0.120112 0.953334 111.38493 0.35380540 0.0124015 16 0.220040
2009 06 11 17 00 21.000 0.120112 0.275074 110.44944 0.34448044 0.0065533 15 0.192264
2009 06 11 17 04 03.000 0.275074 1.442700 116.77402 0.34199237 0.0062192 10 0.720912
2009 06 11 17 10 54.000 0.120112 0.416276 107.83932 0.35760535 0.0096185 45 0.207014
2009 06 11 17 15 24.000 0.181769 0.629960 125.14986 0.34265142 0.0102231 12 0.345935
2009 06 11 17 18 36.000 0.120112 0.953334 126.39732 0.36775803 0.0140030 17 0.335572
2009 06 11 17 21 57.000 0.120112 0.953334 118.27386 0.35262548 0.0152011 36 0.328004
2009 06 11 17 27 21.000 0.181769 0.953334 121.65208 0.36595964 0.0116500 19 0.452649
2009 06 11 17 31 45.000 0.416276 0.953334 131.20985 0.31083048 0.0033609 11 0.669588
2009 06 11 17 32 00.000 0.120112 0.416276 114.95894 0.36341729 0.0099425 43 0.211472
2009 06 11 17 33 09.000 0.120112 0.275074 121.08953 0.36157275 0.0068383 16 0.160626
2009 06 11 17 34 09.000 0.079370 0.953334 115.81661 0.35658572 0.0170257 46 0.278067
2009 06 11 17 35 39.000 0.181769 0.953334 115.21318 0.34452211 0.0116832 42 0.374674
2009 06 11 17 46 06.000 0.034657 0.120112 285.02840 0.42080565 0.0069830 14 0.071647
2009 06 11 17 50 48.000 0.120112 1.442700 114.97360 0.36662544 0.0160449 20 0.290718
2009 06 11 18 01 09.000 0.120112 0.275074 122.13017 0.35593899 0.0057546 14 0.173078
2009 06 11 18 06 06.000 0.120112 0.953334 120.46977 0.34341005 0.0150110 45 0.459142
2009 06 11 18 08 30.000 0.022901 0.052448 97.74058 0.48283619 0.0077002 22 0.037509
2009 06 11 18 11 15.000 0.120112 0.416276 105.75749 0.35641958 0.0102912 33 0.248598
2009 06 11 18 12 03.000 0.120112 0.953334 123.35224 0.33216197 0.0152161 18 0.195144
2009 06 11 18 24 48.000 0.181769 0.953334 110.22606 0.36157951 0.0129625 12 0.474396
2009 06 11 18 29 24.000 0.120112 0.629960 117.18257 0.35036870 0.0102011 10 0.219151
2009 06 11 18 29 42.000 0.181769 0.416276 107.23380 0.36977780 0.0080372 12 0.287048
2009 06 11 18 38 57.000 0.120112 0.953334 110.49733 0.36344881 0.0178044 30 0.312921
2009 06 11 18 41 54.000 0.120112 0.416276 107.24165 0.35549343 0.0104652 28 0.203591
2009 06 11 18 45 15.000 0.120112 1.442700 117.24968 0.34453041 0.0194916 44 0.448105
2009 06 11 18 46 03.000 0.120112 0.416276 131.44194 0.35278674 0.0095458 15 0.207898
2009 06 11 18 48 09.000 0.181769 0.953334 122.46884 0.32312347 0.0122781 10 0.319920
2009 06 11 18 50 09.000 0.120112 0.416276 128.48241 0.33479955 0.0100967 22 0.248120
2009 06 11 18 59 39.000 0.181769 1.442700 116.62454 0.33924700 0.0124495 19 0.728568
2009 06 11 19 01 54.000 0.181769 0.953334 114.34740 0.33519909 0.0114453 24 0.525584
2009 06 11 19 09 36.000 0.052448 0.079370 202.67087 0.44426693 0.0019398 14 0.065909
2009 06 11 19 14 27.000 0.120112 0.629960 116.45675 0.34899123 0.0133362 56 0.284744
2009 06 11 19 17 36.000 0.120112 0.953334 123.01604 0.37156122 0.0127676 30 0.289558
2009 06 11 19 21 33.000 0.120112 0.416276 114.19734 0.34800029 0.0085763 12 0.205909
2009 06 11 19 25 00.000 0.181769 0.629960 109.56852 0.35217095 0.0076371 14 0.388221
2009 06 11 19 26 03.000 0.181769 1.442700 113.56549 0.34807078 0.0134587 25 0.495321
2009 06 11 19 28 33.000 0.052448 0.120112 220.89449 0.44634978 0.0029953 11 0.087439
2009 06 11 19 33 48.000 0.079370 0.181769 215.68574 0.34125351 0.0040684 30 0.118514
2009 06 11 19 36 30.000 0.120112 0.629960 224.81948 0.37092578 0.0130538 11 0.184775
2009 06 11 19 37 36.000 0.120112 0.416276 117.58715 0.33252539 0.0095160 19 0.253215
2009 06 11 19 38 54.000 0.120112 0.953334 112.12907 0.35014320 0.0151640 101 0.277409
2009 06 11 19 47 57.000 0.079370 0.629960 121.23479 0.38991608 0.0162875 35 0.240525
2009 06 11 19 48 24.000 0.052448 0.120112 143.77597 0.47530469 0.0056707 16 0.080710
2009 06 11 19 54 36.000 0.120112 0.181769 212.09817 0.32585240 0.0024794 12 0.150941
2009 06 11 19 57 27.000 0.181769 1.442700 122.60982 0.33501081 0.0122295 21 0.308094
2009 06 11 20 00 36.000 0.181769 0.953334 108.59274 0.35521085 0.0103859 10 0.477162
2009 06 11 20 07 00.000 0.181769 0.629960 113.96443 0.35273833 0.0083492 14 0.270521
2009 06 11 20 13 57.000 0.181769 1.442700 104.10219 0.36173280 0.0099351 13 0.366142
2009 06 11 20 15 12.000 0.181769 0.629960 63.84094 0.31632765 0.0069036 11 0.330112
2009 06 11 20 15 54.000 0.181769 1.442700 96.47617 0.36612977 0.0119114 33 0.316572
2009 06 11 20 18 48.000 0.181769 0.953334 115.65196 0.34127315 0.0080031 10 0.526993
2009 06 11 20 29 12.000 0.181769 1.442700 104.78709 0.34629809 0.0116022 15 0.526065
2009 06 11 20 32 51.000 0.120112 0.953334 110.90059 0.35105364 0.0140116 25 0.318181
2009 06 11 20 45 36.000 0.181769 0.629960 120.09509 0.34927466 0.0090793 18 0.421368
2009 06 11 20 46 57.000 0.120112 0.629960 96.46118 0.33516567 0.0117744 23 0.245850
2009 06 11 20 48 51.000 0.120112 0.181769 223.74964 0.40441362 0.0030060 12 0.150941
2009 06 11 20 56 09.000 0.120112 0.181769 215.71742 0.35406930 0.0026161 13 0.150941
2009 06 11 20 59 18.000 0.120112 0.181769 210.29362 0.32390793 0.0029620 18 0.150941
2009 06 11 21 02 36.000 0.052448 0.181769 220.47051 0.34064528 0.0044875 32 0.121655
2009 06 11 21 03 57.000 0.015133 0.022901 335.78244 0.48870310 0.0053269 14 0.019017
2009 06 11 21 07 15.000 0.181769 0.629960 85.51511 0.37187532 0.0082384 10 0.393201
2009 06 11 21 07 06.000 0.079370 0.120112 218.91529 0.36199071 0.0016791 10 0.099741
2009 06 11 21 07 48.000 0.079370 0.120112 223.75897 0.49984348 0.0013846 10 0.099741
2009 06 11 21 08 48.000 0.079370 0.120112 208.50682 0.33685217 0.0015248 16 0.099741
2009 06 11 21 09 48.000 0.079370 0.120112 218.72442 0.40307010 0.0017261 10 0.099741
2009 06 11 21 10 21.000 0.120112 0.275074 215.15754 0.34654276 0.0053236 18 0.185377
2009 06 11 21 10 48.000 0.953334 3.303980 144.59261 0.34820630 0.0018121 27 1.688620
2009 06 11 21 18 51.000 0.416276 0.953334 72.26535 0.34962744 0.0028274 11 0.645177
2009 06 11 21 19 24.000 0.181769 0.416276 95.63386 0.34549307 0.0061210 21 0.250755
2009 06 11 21 24 27.000 0.120112 0.953334 86.73011 0.34207753 0.0115240 57 0.338775
2009 06 11 21 27 27.000 0.120112 0.181769 220.10880 0.38383516 0.0026320 19 0.150941
2009 06 11 21 29 24.000 0.022901 0.034657 252.58164 0.46355579 0.0019286 10 0.028779
2009 06 11 21 29 42.000 0.181769 0.629960 87.24337 0.36987751 0.0093809 31 0.346078
2009 06 11 21 30 30.000 0.953334 3.303980 165.85409 0.34138210 0.0014434 20 1.984963
2009 06 11 21 31 06.000 0.120112 0.181769 213.67150 0.32428972 0.0031307 16 0.150941
2009 06 11 21 32 09.000 0.120112 0.629960 95.42730 0.35358485 0.0108540 39 0.313420
2009 06 11 21 33 39.000 0.181769 0.416276 99.60921 0.33574088 0.0055601 11 0.281718
2009 06 11 21 34 27.000 0.181769 0.629960 98.23014 0.32810970 0.0065898 12 0.331409
2009 06 11 21 33 48.000 0.079370 0.120112 212.12397 0.32725274 0.0014783 30 0.099741
2009 06 11 21 35 09.000 0.120112 0.629960 91.18883 0.36036153 0.0112515 13 0.248349
2009 06 11 21 38 39.000 0.022901 0.034657 267.12598 0.39942822 0.0033490 10 0.028779
2009 06 11 21 48 45.000 0.120112 0.629960 117.02020 0.35465269 0.0105080 26 0.297252
2009 06 11 21 51 00.000 0.181769 0.416276 96.99644 0.34407866 0.0056389 13 0.273519
2009 06 11 21 56 39.000 0.120112 0.416276 90.85527 0.37286324 0.0076801 19 0.195907
2009 06 11 22 05 00.000 0.120112 0.953334 97.99298 0.34361594 0.0141996 57 0.257593
2009 06 11 22 06 27.000 0.079370 0.120112 40.15550 0.41475718 0.0015233 10 0.099741
2009 06 11 22 10 15.000 0.015133 0.022901 343.11529 0.49308871 0.0071003 14 0.019017
2009 06 11 22 13 00.000 0.120112 0.953334 103.85436 0.36581174 0.0117756 33 0.335583
2009 06 11 22 15 51.000 0.275074 0.953334 85.75787 0.35626738 0.0060395 11 0.564091
2009 06 11 22 16 42.000 0.120112 0.629960 90.79332 0.32742184 0.0121213 19 0.305917
2009 06 11 22 17 39.000 0.181769 0.629960 83.41102 0.34997739 0.0075214 13 0.336896
2009 06 11 22 19 21.000 0.120112 1.442700 99.54284 0.33573302 0.0127109 21 0.282168
2009 06 11 22 20 21.000 0.181769 0.953334 113.89365 0.35436777 0.0080254 16 0.427559
2009 06 11 22 54 06.000 0.181769 0.953334 89.57131 0.38004798 0.0101591 16 0.314921
2009 06 11 23 01 27.000 0.120112 0.181769 100.68870 0.36208979 0.0025642 10 0.150941
2009 06 11 23 02 54.000 0.181769 0.953334 85.94087 0.35116564 0.0083350 31 0.331101
2009 06 11 23 06 45.000 0.181769 0.416276 107.46630 0.37004853 0.0065550 10 0.275323
2009 06 11 23 09 54.000 0.416276 0.953334 73.65259 0.35838068 0.0025996 10 0.630530
2009 06 11 23 14 42.000 0.416276 0.953334 75.01325 0.36635819 0.0026290 10 0.657383
2009 06 11 23 19 54.000 0.181769 1.442700 86.19824 0.37286124 0.0104742 27 0.439086
2009 06 11 23 30 36.000 0.629960 1.442700 119.32495 0.35229827 0.0012949 10 1.035469
2009 06 11 23 32 48.000 0.015133 0.022901 295.72083 0.47932511 0.0111470 14 0.019017
2009 06 11 23 34 15.000 0.181769 0.953334 76.46537 0.36144283 0.0097226 38 0.438102
2009 06 11 23 40 00.000 0.120112 0.953334 77.66560 0.35068895 0.0122898 63 0.322141
2009 06 11 23 41 15.000 0.181769 0.953334 82.31762 0.37704846 0.0103780 14 0.394727
2009 06 11 23 45 33.000 0.181769 1.442700 80.17080 0.36961907 0.0096829 27 0.353532
2009 06 12 00 02 42.000 0.181769 0.416276 110.93177 0.35573547 0.0041921 21 0.278673
2009 06 12 00 08 57.000 0.181769 0.953334 81.56762 0.34821125 0.0064839 30 0.415797
2009 06 12 00 13 18.000 0.120112 0.953334 215.73143 0.37121194 0.0089416 12 0.309379
2009 06 12 00 17 03.000 0.120112 0.181769 304.15790 0.46774307 0.0024105 18 0.150941
2009 06 12 00 27 33.000 0.120112 0.953334 113.60329 0.35753512 0.0097338 17 0.358048
2009 06 12 00 48 57.000 0.181769 0.953334 80.89054 0.35578862 0.0100396 16 0.408945
2009 06 12 01 02 54.000 0.275074 0.629960 85.41344 0.37716815 0.0040516 12 0.463970
2009 06 12 01 05 30.000 0.416276 1.442700 128.82909 0.31283109 0.0026383 12 0.736001
2009 06 12 01 33 27.000 0.181769 0.416276 74.79742 0.35275407 0.0052299 14 0.295423
2009 06 12 01 41 24.000 0.181769 0.629960 85.03630 0.37782703 0.0067762 15 0.346092
2009 06 12 02 08 00.000 0.181769 0.416276 75.82033 0.40548271 0.0064705 15 0.298774
2009 06 12 02 14 36.000 0.181769 0.953334 76.47375 0.37301810 0.0085256 15 0.381896
2009 06 12 03 02 51.000 0.953334 3.303980 67.15211 0.36202155 0.0023309 18 2.089029
2009 06 12 03 03 33.000 0.953334 5.000000 67.75213 0.35917535 0.0024819 27 2.107633
2009 06 12 03 04 36.000 0.181769 5.000000 66.30316 0.36137400 0.0113516 100 1.295745
2009 06 12 03 07 12.000 1.442700 5.000000 55.07609 0.31917525 0.0025109 16 2.424488
2009 06 12 03 06 45.000 0.416276 3.303980 67.40910 0.36157518 0.0064140 53 1.191333
2009 06 12 03 08 24.000 0.629960 1.442700 66.26909 0.35553225 0.0027389 15 0.954195
2009 06 12 03 09 27.000 0.629960 5.000000 65.95043 0.35272796 0.0045160 40 1.462234
2009 06 12 03 10 27.000 0.416276 3.303980 65.15006 0.35127740 0.0060913 100 1.263569
2009 06 12 03 12 12.000 0.416276 3.303980 64.42707 0.35047544 0.0061969 81 1.327836
2009 06 12 03 13 30.000 0.181769 2.183260 65.27146 0.35326670 0.0111793 44 0.978094
2009 06 12 03 14 33.000 0.416276 1.442700 64.80257 0.35594928 0.0038289 15 0.873398
2009 06 12 03 15 00.000 0.181769 1.442700 65.33467 0.38218787 0.0086576 14 0.438858
2009 06 12 03 18 54.000 0.275074 0.953334 66.97048 0.36066842 0.0054265 10 0.568188
2009 06 12 03 20 39.000 0.629960 2.183260 65.99901 0.35531186 0.0016587 10 1.464861
2009 06 12 03 24 45.000 0.629960 1.442700 65.33091 0.35633228 0.0017085 22 0.976361
2009 06 12 03 25 39.000 0.416276 0.953334 66.82373 0.36078762 0.0028634 12 0.724515
2009 06 12 03 28 57.000 0.629960 3.303980 64.74158 0.35375877 0.0025796 40 1.046849
2009 06 12 03 31 48.000 0.629960 2.183260 65.33885 0.35735621 0.0019143 13 1.167590
2009 06 12 03 33 42.000 0.953334 2.183260 64.29243 0.35004691 0.0012410 16 1.236452
2009 06 12 03 34 06.000 2.183260 5.000000 123.22518 0.34340395 0.0008716 14 3.146011
2009 06 12 03 35 42.000 0.275074 2.183260 67.24630 0.35858065 0.0064808 24 0.917159
2009 06 12 03 37 45.000 0.629960 1.442700 65.26677 0.35664024 0.0019321 14 1.052885
2009 06 12 03 39 57.000 0.416276 1.442700 65.82397 0.35311776 0.0037100 19 0.927229
2009 06 12 03 41 36.000 0.416276 2.183260 65.45257 0.34873338 0.0042396 19 1.063950
2009 06 12 03 42 27.000 2.183260 5.000000 123.78376 0.36472662 0.0008539 12 2.978348
2009 06 12 03 44 27.000 0.181769 1.442700 66.46002 0.35612161 0.0097990 38 0.796712
2009 06 12 03 46 00.000 0.416276 1.442700 65.18707 0.35539191 0.0036385 16 0.834722
2009 06 12 03 46 42.000 0.416276 2.183260 65.73601 0.36082573 0.0041527 31 1.067510
2009 06 12 03 47 51.000 0.416276 1.442700 64.46847 0.34849056 0.0038376 18 0.799702
2009 06 12 03 48 42.000 0.629960 1.442700 65.57743 0.35779175 0.0018446 22 0.902475
2009 06 12 03 51 03.000 0.416276 1.442700 65.88402 0.35011080 0.0036844 36 0.765838
2009 06 12 03 53 18.000 0.416276 1.442700 65.68696 0.35861745 0.0038478 22 0.835180
2009 06 12 03 54 24.000 0.416276 3.303980 65.07267 0.35450786 0.0045613 46 1.131594
2009 06 12 03 55 39.000 0.629960 1.442700 65.89070 0.35316491 0.0018311 25 1.002959
2009 06 12 03 57 36.000 0.629960 2.183260 65.40897 0.35750279 0.0022446 21 1.024373
2009 06 12 03 58 48.000 0.629960 1.442700 63.32947 0.34998944 0.0017899 10 1.116743
2009 06 12 03 59 36.000 0.629960 1.442700 65.17689 0.35557312 0.0019603 24 0.994832
2009 06 12 04 01 15.000 0.629960 1.442700 67.00173 0.35588275 0.0020256 10 1.076106
2009 06 12 04 02 09.000 0.629960 2.183260 66.62317 0.35638687 0.0024120 21 1.053142
2009 06 12 04 03 42.000 0.629960 1.442700 65.20987 0.35643556 0.0019234 12 0.960968
2009 06 12 04 06 39.000 0.629960 1.442700 65.37720 0.34915618 0.0021191 18 0.949680
2009 06 12 04 12 27.000 0.629960 1.442700 65.18698 0.35781183 0.0020238 14 0.994832
2009 06 12 04 17 45.000 0.629960 1.442700 66.01335 0.35874777 0.0023746 12 1.096425
2009 06 12 04 21 00.000 0.629960 1.442700 63.93275 0.35145251 0.0024135 15 0.927104
2009 06 12 04 24 27.000 0.629960 1.442700 63.52508 0.35060364 0.0023260 12 1.028696
2009 06 12 04 36 12.000 0.629960 1.442700 65.43002 0.35016220 0.0028050 15 1.008378
2009 06 12 04 36 57.000 0.629960 3.303980 64.72604 0.34475145 0.0035028 12 1.456519
2009 06 12 04 37 21.000 0.629960 1.442700 65.53204 0.34841927 0.0028160 18 0.972256
2009 06 12 05 15 48.000 0.953334 3.303980 65.12008 0.35188461 0.0031880 24 1.647452
2009 06 12 05 20 06.000 0.275074 1.442700 65.85376 0.35210965 0.0093103 21 0.859397
2009 06 12 05 21 48.000 0.275074 5.000000 64.88775 0.34638724 0.0119981 37 1.580266
2009 06 12 05 22 48.000 0.629960 3.303980 65.82571 0.34536303 0.0060677 48 1.665743
2009 06 12 05 44 39.000 0.181769 0.629960 65.46787 0.40627903 0.0098024 20 0.281342
2009 06 12 05 50 57.000 0.953334 3.303980 66.38247 0.34412429 0.0026917 15 1.732078
2009 06 12 06 07 27.000 0.629960 3.303980 68.04399 0.35622833 0.0044015 23 1.551444
2009 06 12 06 08 54.000 0.629960 3.303980 68.05761 0.35266744 0.0058004 35 1.348995
2009 06 12 06 10 39.000 0.416276 3.303980 67.61119 0.35379362 0.0075540 57 1.406211
2009 06 12 06 13 09.000 0.629960 3.303980 66.82272 0.35186957 0.0052422 33 1.218460
2009 06 12 06 14 21.000 0.416276 5.000000 66.15738 0.34808804 0.0092522 75 1.435219
2009 06 12 06 15 51.000 0.629960 5.000000 65.56694 0.34683592 0.0057935 100 1.477254
2009 06 12 06 17 39.000 0.629960 3.303980 65.67268 0.34794690 0.0036178 22 1.269255
2009 06 12 06 30 03.000 0.275074 2.183260 67.14889 0.36164446 0.0092409 54 0.870893
2009 06 12 06 31 45.000 1.442700 3.303980 79.34864 0.38929183 0.0018872 10 2.185236
2009 06 12 06 31 48.000 0.629960 3.303980 66.91030 0.35590550 0.0052866 34 1.293675
2009 06 12 06 33 30.000 0.181769 2.183260 67.88465 0.37129707 0.0144586 45 0.728283
2009 06 12 06 35 57.000 0.416276 1.442700 68.82515 0.35904143 0.0056199 29 0.941281
2009 06 12 06 37 15.000 0.275074 1.442700 64.95079 0.35215095 0.0092741 37 0.818239
2009 06 12 06 38 45.000 0.416276 3.303980 66.18878 0.34705816 0.0069678 48 1.332398
2009 06 12 06 39 39.000 0.416276 1.442700 64.91782 0.35123737 0.0050729 25 0.830242
2009 06 12 06 40 54.000 0.629960 1.442700 66.33341 0.34337137 0.0022821 11 1.013303
2009 06 12 06 45 45.000 0.181769 0.629960 344.40578 0.34504184 0.0116589 17 0.419107
2009 06 12 06 52 42.000 0.275074 0.629960 140.58496 0.36490849 0.0062372 10 0.381164
2009 06 12 06 56 39.000 1.442700 5.000000 160.58240 0.33960327 0.0016199 25 3.307961
2009 06 12 06 57 42.000 0.953334 5.000000 159.36045 0.33890865 0.0040459 49 2.709849
2009 06 12 06 59 27.000 0.629960 5.000000 158.48913 0.33903639 0.0100403 52 1.812012
2009 06 12 07 00 36.000 0.953334 5.000000 157.85844 0.34020864 0.0071399 45 2.347331
2009 06 12 07 13 06.000 0.629960 1.442700 65.46029 0.33935445 0.0023342 12 1.096425
2009 06 12 07 19 57.000 0.629960 1.442700 66.38426 0.35449406 0.0032345 17 0.982880
2009 06 12 07 23 09.000 0.416276 1.442700 66.30761 0.34420083 0.0064485 14 0.888572
2009 06 12 07 39 45.000 0.275074 0.416276 131.08264 0.35565134 0.0067176 10 0.345675
2009 06 12 07 47 09.000 0.416276 2.183260 68.16191 0.35684990 0.0057630 10 0.732663
2009 06 12 07 49 45.000 0.629960 2.183260 67.19700 0.35313728 0.0037914 18 1.517087
2009 06 12 07 50 57.000 0.416276 5.000000 66.90021 0.34780990 0.0072307 13 1.432070
2009 06 12 07 57 48.000 0.416276 2.183260 66.75106 0.35506676 0.0063984 18 1.291122
2009 06 12 08 03 30.000 0.275074 3.303980 66.83876 0.35361274 0.0113459 24 0.955386
2009 06 12 08 04 45.000 0.416276 3.303980 68.69275 0.34782117 0.0080502 10 1.454513
2009 06 12 08 14 42.000 0.629960 1.442700 65.63549 0.34681214 0.0028469 29 0.903749
2009 06 12 08 17 48.000 0.629960 3.303980 66.56013 0.34675801 0.0040166 51 1.376502
2009 06 12 08 19 48.000 0.629960 2.183260 68.10680 0.34392144 0.0033267 31 1.139900
2009 06 12 08 24 15.000 0.181769 1.442700 68.75417 0.36114248 0.0126087 18 0.778534
2009 06 12 08 27 09.000 0.953334 2.183260 65.87854 0.35445160 0.0016598 11 1.533451
2009 06 12 08 29 30.000 0.416276 1.442700 67.19164 0.35190686 0.0057318 12 0.725111
2009 06 12 08 31 09.000 0.629960 2.183260 66.72373 0.35335512 0.0029504 13 1.324718
2009 06 12 08 36 27.000 0.629960 2.183260 66.84095 0.36446279 0.0038156 11 1.143095
2009 06 12 08 39 06.000 0.629960 2.183260 66.81586 0.35869618 0.0035404 39 1.393140
2009 06 12 08 40 27.000 0.629960 2.183260 66.73665 0.36077810 0.0035475 16 1.097776
2009 06 12 08 41 12.000 0.416276 1.442700 67.85025 0.36570907 0.0056009 13 0.792747
2009 06 12 08 42 03.000 0.416276 3.303980 65.99843 0.35130299 0.0065296 100 1.239678
2009 06 12 08 43 48.000 0.629960 3.303980 66.78314 0.35060456 0.0039274 71 1.377962
2009 06 12 08 46 03.000 0.416276 2.183260 65.38948 0.35198227 0.0061309 31 1.210588
2009 06 12 08 47 21.000 0.275074 3.303980 66.30148 0.35061987 0.0098624 36 0.983132
2009 06 12 08 52 06.000 0.629960 5.000000 66.88386 0.35287427 0.0046294 56 1.618631
2009 06 12 08 53 51.000 0.953334 5.000000 67.62857 0.35175708 0.0034127 42 2.121688
2009 06 12 08 55 09.000 0.416276 3.303980 66.98446 0.35224991 0.0076804 100 1.375389
2009 06 12 08 57 00.000 0.416276 2.183260 67.07368 0.35248066 0.0071513 33 1.041709
2009 06 12 08 57 54.000 0.181769 0.416276 132.15003 0.35394592 0.0093418 13 0.273519
2009 06 12 08 57 27.000 0.416276 3.303980 66.80158 0.35024198 0.0081732 95 1.380004
2009 06 12 08 59 06.000 0.275074 5.000000 67.33473 0.34876850 0.0114086 100 1.247375
2009 06 12 09 00 33.000 0.416276 3.303980 67.51231 0.35162502 0.0079901 100 1.086468
2009 06 12 09 02 18.000 0.416276 2.183260 66.78703 0.34853719 0.0066134 17 1.243572
2009 06 12 09 02 39.000 0.416276 1.442700 67.11102 0.34626931 0.0051452 13 1.000409
2009 06 12 09 03 12.000 0.629960 2.183260 66.73933 0.34793957 0.0035033 14 1.213689
2009 06 12 09 03 36.000 0.416276 2.183260 67.21999 0.35137491 0.0062616 57 1.119743
2009 06 12 09 04 39.000 0.629960 3.303980 66.39883 0.34696673 0.0042235 39 1.404677
2009 06 12 09 06 09.000 0.629960 3.303980 67.12768 0.34827944 0.0044748 36 1.372716
2009 06 12 09 07 06.000 0.629960 2.183260 67.38988 0.35235899 0.0038843 35 1.257615
2009 06 12 09 09 24.000 0.416276 2.183260 67.03333 0.35201812 0.0067266 17 1.035271
2009 06 12 09 12 54.000 0.629960 1.442700 66.55450 0.34579629 0.0030778 24 0.994832
2009 06 12 09 14 21.000 0.629960 3.303980 66.77086 0.34714646 0.0035549 15 1.234410
2009 06 12 09 14 48.000 0.181769 0.629960 131.21253 0.35158660 0.0104760 15 0.326237
2009 06 12 09 14 39.000 0.416276 3.303980 67.45503 0.34707471 0.0063196 100 1.338019
2009 06 12 09 16 24.000 0.629960 3.303980 66.88044 0.35047107 0.0036543 56 1.229074
2009 06 12 09 19 48.000 0.416276 1.442700 67.55074 0.35498724 0.0045769 11 0.719062
2009 06 12 09 35 18.000 0.629960 2.183260 67.30851 0.35456973 0.0027607 61 1.242649
2009 06 12 09 37 03.000 0.416276 3.303980 66.98135 0.35328824 0.0064522 100 1.394561
2009 06 12 09 38 21.000 0.416276 5.000000 66.73551 0.35312948 0.0072328 100 1.368262
2009 06 12 09 39 36.000 0.416276 5.000000 66.64065 0.35232135 0.0071878 100 1.505721
2009 06 12 09 40 39.000 0.416276 3.303980 66.88426 0.35242415 0.0068445 100 1.445771
2009 06 12 09 41 45.000 0.275074 3.303980 67.13357 0.34907780 0.0114990 100 1.311111
2009 06 12 09 42 54.000 0.416276 3.303980 67.26030 0.34907182 0.0080391 100 1.302112
2009 06 12 09 44 27.000 0.181769 3.303980 67.06190 0.34726093 0.0154093 100 1.234436
2009 06 12 09 45 24.000 0.181769 3.303980 66.75721 0.34719785 0.0155395 100 1.261233
2009 06 12 09 46 33.000 0.181769 3.303980 66.74114 0.34726356 0.0154366 100 1.299771
2009 06 12 09 47 39.000 0.416276 5.000000 67.00454 0.34855284 0.0074657 69 1.461611
2009 06 12 09 48 33.000 0.181769 5.000000 66.19523 0.34936338 0.0145661 100 1.271269
2009 06 12 09 49 51.000 0.629960 5.000000 66.82286 0.34529578 0.0054936 81 1.542426
2009 06 12 09 51 21.000 0.181769 5.000000 66.66191 0.34804405 0.0158510 101 1.444939
2009 06 12 09 52 24.000 0.275074 5.000000 66.95963 0.34743739 0.0113799 100 1.404898
2009 06 12 09 53 39.000 0.275074 5.000000 67.06806 0.34736060 0.0121186 100 1.285599
2009 06 12 09 54 39.000 0.416276 5.000000 66.99398 0.34843787 0.0085792 100 1.742830
2009 06 12 09 55 51.000 0.416276 5.000000 66.62697 0.34952797 0.0076643 100 1.587648
2009 06 12 09 57 03.000 0.416276 3.303980 66.49542 0.34786674 0.0073894 100 1.415387
2009 06 12 09 58 27.000 0.181769 5.000000 66.93304 0.34749740 0.0133060 100 1.317413
2009 06 12 09 59 39.000 0.416276 5.000000 66.20374 0.35014676 0.0084341 100 1.735496
2009 06 12 10 00 48.000 0.181769 3.303980 66.31103 0.34985824 0.0150219 100 1.341998
2009 06 12 10 02 21.000 0.416276 5.000000 66.16205 0.34578911 0.0089828 100 1.505534
2009 06 12 10 03 27.000 0.416276 5.000000 66.82347 0.35168179 0.0089676 100 1.482603
2009 06 12 10 05 00.000 0.416276 3.303980 67.06268 0.35340356 0.0079411 100 1.230407
2009 06 12 10 06 36.000 0.416276 3.303980 66.89295 0.35295904 0.0077844 77 1.341549
2009 06 12 10 07 36.000 0.181769 3.303980 66.32683 0.35238972 0.0142087 100 0.986632
2009 06 12 10 08 33.000 0.416276 3.303980 66.89353 0.34770973 0.0072665 100 1.300154
2009 06 12 10 09 48.000 0.629960 3.303980 65.91426 0.34831703 0.0045833 42 1.644967
2009 06 12 10 10 30.000 0.181769 3.303980 65.03486 0.34414063 0.0135847 75 1.129871
2009 06 12 10 11 27.000 0.629960 5.000000 66.32164 0.34732613 0.0044801 100 1.594975
2009 06 12 10 12 45.000 0.629960 5.000000 65.96492 0.34452310 0.0045237 54 1.875284
2009 06 12 10 13 27.000 0.416276 5.000000 66.34505 0.34602289 0.0063960 52 1.684020
2009 06 12 10 14 30.000 0.275074 3.303980 66.65273 0.34748130 0.0081997 100 1.232005
2009 06 12 10 16 48.000 0.629960 3.303980 66.73344 0.34408300 0.0029595 77 1.444372
2009 06 12 10 18 51.000 0.953334 2.183260 66.87648 0.34263893 0.0012374 11 1.757074
2009 06 12 10 20 15.000 0.953334 3.303980 67.64060 0.35511105 0.0017935 60 1.887184
2009 06 12 10 21 27.000 0.416276 5.000000 66.23726 0.35491591 0.0071881 100 1.979569
2009 06 12 10 22 24.000 0.275074 5.000000 66.62620 0.35379322 0.0097753 100 1.318735
2009 06 12 10 23 36.000 0.416276 5.000000 67.05943 0.35109210 0.0093477 100 1.930774
2009 06 12 10 24 27.000 0.181769 5.000000 67.36528 0.35291238 0.0136992 100 1.259432
2009 06 12 10 25 06.000 0.120112 0.416276 131.81096 0.34591455 0.0075475 12 0.215680
2009 06 12 10 25 27.000 0.181769 5.000000 66.40208 0.35404743 0.0138904 100 1.310225
2009 06 12 10 26 18.000 0.181769 5.000000 66.95129 0.35831566 0.0126205 100 1.087607
2009 06 12 10 27 33.000 0.416276 3.303980 66.52647 0.34888424 0.0076110 100 1.253147
2009 06 12 10 29 06.000 0.416276 5.000000 66.49226 0.34707652 0.0084940 100 1.532636
2009 06 12 10 30 12.000 0.416276 5.000000 65.99251 0.34630259 0.0076664 100 1.785667
2009 06 12 10 31 12.000 0.275074 5.000000 66.41335 0.34790525 0.0091500 100 1.459565
2009 06 12 10 32 12.000 0.181769 0.275074 136.67297 0.32560544 0.0037643 12 0.228421
2009 06 12 10 32 24.000 0.120112 3.303980 66.13445 0.34828170 0.0143230 100 1.014616
2009 06 12 10 34 12.000 0.416276 2.183260 66.21144 0.34719360 0.0048319 20 0.999626
2009 06 12 10 34 30.000 0.181769 0.629960 133.13664 0.30608985 0.0070122 13 0.364195
2009 06 12 10 34 27.000 0.629960 3.303980 66.06759 0.34448870 0.0032370 43 1.228259
2009 06 12 10 35 33.000 0.416276 3.303980 66.23650 0.35116304 0.0047670 100 1.108809
2009 06 12 10 38 12.000 0.629960 2.183260 66.86044 0.36367563 0.0029865 44 1.138845
2009 06 12 10 39 27.000 0.275074 5.000000 66.52240 0.35936009 0.0084983 65 1.423756
2009 06 12 10 40 27.000 0.181769 3.303980 128.01907 0.33535884 0.0141054 12 0.462579
2009 06 12 10 40 30.000 0.275074 5.000000 67.11192 0.35751390 0.0088931 100 1.123999
2009 06 12 10 42 18.000 0.416276 3.303980 67.27268 0.35402106 0.0057484 100 1.245971
2009 06 12 10 44 27.000 0.416276 3.303980 67.11940 0.35034121 0.0058360 56 1.185762
2009 06 12 10 45 36.000 0.416276 5.000000 67.65855 0.34713170 0.0055583 100 1.351504
2009 06 12 10 47 27.000 0.416276 3.303980 67.11011 0.34542453 0.0046667 60 1.268121
2009 06 12 10 48 36.000 0.629960 2.183260 66.83340 0.34807300 0.0021745 21 1.208980
2009 06 12 10 50 09.000 0.416276 2.183260 67.10752 0.35822334 0.0038125 40 1.063220
2009 06 12 10 51 30.000 0.629960 5.000000 67.95138 0.35735297 0.0049217 58 1.676681
2009 06 12 10 52 15.000 0.181769 5.000000 67.65365 0.35695044 0.0146362 100 1.411837
2009 06 12 10 53 18.000 0.416276 5.000000 68.30341 0.35612335 0.0084918 100 1.703999
2009 06 12 10 54 15.000 0.416276 5.000000 68.13144 0.35732852 0.0099097 100 1.631858
2009 06 12 10 55 21.000 0.416276 5.000000 67.63820 0.35290912 0.0089360 100 1.787847
2009 06 12 10 56 24.000 0.275074 5.000000 67.00280 0.35486613 0.0104775 100 1.401146
2009 06 12 10 57 39.000 0.416276 5.000000 67.17146 0.35164401 0.0087518 100 1.539174
2009 06 12 10 58 48.000 0.275074 5.000000 67.08586 0.35096066 0.0107706 100 1.260921
2009 06 12 11 00 06.000 0.416276 5.000000 67.30037 0.34765862 0.0089969 100 1.183182
2009 06 12 11 01 15.000 0.416276 3.303980 67.34285 0.34525932 0.0101009 10 1.413876
2009 06 12 11 01 21.000 0.181769 5.000000 66.92519 0.34659569 0.0136331 100 1.223770
2009 06 12 11 02 39.000 0.416276 3.303980 67.68501 0.35032299 0.0047180 100 1.282780
2009 06 12 11 04 36.000 0.416276 2.183260 68.04101 0.34971619 0.0040395 34 1.161352
2009 06 12 11 05 21.000 0.629960 2.183260 68.33509 0.34763387 0.0022508 10 1.260595
2009 06 12 11 05 36.000 0.275074 3.303980 67.38372 0.35521660 0.0074659 48 1.477811
2009 06 12 11 07 51.000 0.416276 3.303980 68.19546 0.35356243 0.0046018 100 1.428049
2009 06 12 11 09 30.000 0.416276 2.183260 67.83187 0.35453611 0.0039360 100 1.136728
2009 06 12 11 11 48.000 0.416276 2.183260 69.31588 0.35343337 0.0042148 100 1.228720
2009 06 12 11 14 00.000 0.629960 3.303980 68.17550 0.35415692 0.0033505 100 1.497298
2009 06 12 11 15 36.000 0.629960 3.303980 67.51566 0.35402824 0.0033966 83 1.376380
2009 06 12 11 17 39.000 0.275074 5.000000 67.12747 0.35323145 0.0079495 100 1.494383
2009 06 12 11 19 03.000 0.416276 3.303980 68.63786 0.35263290 0.0063193 100 1.171603
2009 06 12 11 20 24.000 0.416276 3.303980 67.01876 0.35513934 0.0069812 14 1.153809
2009 06 12 11 20 30.000 0.416276 3.303980 67.39939 0.35542008 0.0067190 100 1.260951
2009 06 12 11 21 57.000 0.416276 3.303980 68.12781 0.35423051 0.0068732 100 1.296434
2009 06 12 11 23 18.000 0.416276 3.303980 68.60259 0.35724632 0.0063707 10 1.218679
2009 06 12 11 23 27.000 0.181769 0.416276 118.89055 0.37111493 0.0054235 18 0.267506
2009 06 12 11 23 30.000 0.275074 3.303980 67.13173 0.35670022 0.0093824 100 1.198750
2009 06 12 11 24 42.000 0.416276 3.303980 67.73628 0.35265817 0.0062974 47 1.441173
2009 06 12 11 25 33.000 0.416276 3.303980 67.74670 0.34949839 0.0058788 100 1.239853
2009 06 12 11 27 00.000 0.181769 2.183260 67.69643 0.34939672 0.0092220 100 0.895924
2009 06 12 11 28 27.000 0.416276 2.183260 67.77464 0.34968490 0.0052896 47 0.853161
2009 06 12 11 29 15.000 0.416276 3.303980 66.39803 0.35291289 0.0065457 100 1.206707
2009 06 12 11 31 09.000 0.181769 0.629960 128.46468 0.33154867 0.0057109 10 0.346300
2009 06 12 11 30 36.000 0.416276 2.183260 67.77654 0.35548726 0.0052744 100 0.906687
2009 06 12 11 32 27.000 0.416276 2.183260 68.08149 0.35633569 0.0053829 100 1.048535
2009 06 12 11 33 48.000 0.181769 0.416276 117.08608 0.37328906 0.0052542 11 0.324356
2009 06 12 11 33 51.000 0.416276 3.303980 67.54632 0.35438088 0.0059413 100 0.998719
2009 06 12 11 35 30.000 0.181769 2.183260 67.73527 0.35637822 0.0104914 100 0.989932
2009 06 12 11 37 24.000 0.275074 2.183260 68.47056 0.35244794 0.0081035 100 0.902488
2009 06 12 11 39 03.000 0.416276 2.183260 68.12717 0.35064413 0.0054553 91 1.096890
2009 06 12 11 40 30.000 0.416276 3.303980 67.63280 0.35382283 0.0059261 100 1.120648
2009 06 12 11 42 06.000 0.416276 5.000000 67.82216 0.35293382 0.0056491 100 1.324920
2009 06 12 11 43 42.000 0.181769 3.303980 67.61306 0.35102656 0.0104909 100 1.072639
2009 06 12 11 45 09.000 0.416276 3.303980 68.28543 0.35274670 0.0047968 100 1.230203
2009 06 12 11 46 39.000 0.416276 3.303980 67.54289 0.35116706 0.0047859 36 1.150081
2009 06 12 11 47 27.000 0.181769 3.303980 68.31926 0.35290620 0.0107966 63 1.037855
2009 06 12 11 48 18.000 0.275074 3.303980 68.44828 0.35168835 0.0070704 100 1.175328
2009 06 12 11 49 45.000 0.416276 2.183260 68.13997 0.35357973 0.0041279 42 1.055853
2009 06 12 11 50 36.000 0.275074 3.303980 66.85186 0.35215167 0.0073413 100 1.214239
2009 06 12 11 52 09.000 0.416276 3.303980 66.99261 0.34968730 0.0042174 63 1.180585
2009 06 12 11 54 45.000 0.275074 3.303980 67.61874 0.35358054 0.0066078 100 1.178200
2009 06 12 11 56 42.000 0.416276 2.183260 67.71608 0.35156086 0.0043032 100 1.108953
2009 06 12 11 58 57.000 0.416276 1.442700 67.91151 0.35363756 0.0034619 14 0.946625
2009 06 12 11 59 21.000 0.416276 2.183260 68.53516 0.36044825 0.0044565 100 1.007322
2009 06 12 12 01 12.000 0.416276 3.303980 69.24371 0.35555182 0.0049045 96 1.237672
2009 06 12 12 03 42.000 0.416276 2.183260 67.53855 0.34887187 0.0044378 72 1.037787
2009 06 12 12 05 39.000 0.181769 3.303980 65.80435 0.35268657 0.0100980 44 1.168859
2009 06 12 12 05 39.000 0.181769 0.953334 127.12516 0.35887580 0.0082574 43 0.329106
2009 06 12 12 07 06.000 0.275074 2.183260 66.81228 0.34660617 0.0059140 80 1.226249
2009 06 12 12 09 36.000 0.629960 5.000000 66.37269 0.34713032 0.0020823 11 1.355732
2009 06 12 12 11 27.000 0.629960 2.183260 69.29343 0.36107428 0.0017241 17 1.066862
2009 06 12 12 12 15.000 0.629960 3.303980 68.87050 0.35651314 0.0025957 100 1.287715
2009 06 12 12 14 09.000 0.629960 1.442700 71.01084 0.35871403 0.0019812 14 0.965806
2009 06 12 12 14 42.000 0.416276 2.183260 68.44144 0.35498637 0.0041671 100 1.141511
2009 06 12 12 16 12.000 0.416276 2.183260 68.57030 0.35689516 0.0050530 17 1.028220
2009 06 12 12 16 45.000 0.181769 0.416276 127.90487 0.34355460 0.0044656 13 0.273519
2009 06 12 12 16 30.000 0.416276 3.303980 68.73112 0.35440723 0.0046429 100 1.330215
2009 06 12 12 18 03.000 0.416276 2.183260 68.23260 0.35690596 0.0042097 100 1.144855
2009 06 12 12 20 21.000 0.416276 3.303980 68.46032 0.35264967 0.0048122 100 1.248292
2009 06 12 12 22 12.000 0.416276 0.953334 38.39771 0.35042632 0.0032000 11 0.645177
2009 06 12 12 22 06.000 0.416276 3.303980 67.70137 0.35166865 0.0050553 100 1.103578
2009 06 12 12 24 09.000 0.416276 2.183260 67.45611 0.35076316 0.0038841 89 1.166233
2009 06 12 12 26 30.000 0.629960 2.183260 67.88975 0.35078673 0.0021830 44 1.440603
2009 06 12 12 27 45.000 0.416276 1.442700 66.59844 0.35503820 0.0037970 18 0.875088
2009 06 12 12 28 33.000 0.629960 5.000000 66.52576 0.35227459 0.0026529 20 1.407753
2009 06 12 12 29 18.000 0.181769 2.183260 67.23157 0.35396715 0.0097306 100 1.109903
2009 06 12 12 31 54.000 0.416276 2.183260 67.02369 0.35442832 0.0044307 38 1.047009
2009 06 12 12 33 06.000 0.629960 2.183260 66.65735 0.35589335 0.0024014 63 1.134372
2009 06 12 12 34 51.000 0.629960 1.442700 68.30613 0.35336549 0.0018031 17 1.006784
2009 06 12 12 35 33.000 0.629960 2.183260 66.91871 0.35292217 0.0020797 43 1.075412
2009 06 12 12 37 42.000 0.629960 2.183260 68.13884 0.34895672 0.0021045 15 1.334916
2009 06 12 12 37 54.000 0.181769 0.629960 122.85362 0.36651778 0.0085358 11 0.335300
2009 06 12 12 38 57.000 0.416276 2.183260 67.23298 0.34839224 0.0036968 31 1.137967
2009 06 12 12 46 21.000 0.629960 1.442700 69.72674 0.35304006 0.0015097 10 0.872921
2009 06 12 12 47 24.000 0.629960 2.183260 67.14146 0.35460120 0.0019147 23 1.048072
2009 06 12 12 48 18.000 0.629960 2.183260 67.06694 0.35454550 0.0020003 26 1.183219
2009 06 12 12 50 03.000 0.629960 2.183260 68.35196 0.35157974 0.0021720 15 1.375913
2009 06 12 12 51 09.000 0.629960 1.442700 67.18281 0.35849043 0.0017449 12 0.960968
2009 06 12 12 50 27.000 0.181769 0.416276 134.24014 0.37002628 0.0052943 23 0.233519
2009 06 12 12 51 27.000 0.416276 3.303980 68.21469 0.35571291 0.0043671 96 1.129508
2009 06 12 12 53 36.000 0.275074 3.303980 68.11469 0.35656329 0.0089266 51 1.202963
2009 06 12 12 54 27.000 0.416276 3.303980 67.28983 0.35295877 0.0057913 100 1.281745
2009 06 12 12 56 03.000 0.275074 3.303980 66.01415 0.35157038 0.0092271 100 1.166876
2009 06 12 12 57 36.000 0.416276 2.183260 67.78559 0.35574737 0.0054277 29 1.056196
2009 06 12 12 58 21.000 0.275074 2.183260 67.04670 0.35890773 0.0081116 100 1.018373
2009 06 12 12 59 54.000 0.275074 2.183260 67.63620 0.35720750 0.0082427 66 1.049391
2009 06 12 13 01 30.000 0.181769 3.303980 67.18593 0.35150609 0.0111296 100 1.165693
2009 06 12 13 02 57.000 0.416276 3.303980 66.48825 0.34769262 0.0047383 94 1.244168
2009 06 12 13 04 27.000 0.629960 2.183260 66.37431 0.35042327 0.0023202 16 1.033267
2009 06 12 13 09 18.000 0.275074 0.629960 138.53123 0.35435477 0.0060580 10 0.434397
2009 06 12 13 18 15.000 0.629960 2.183260 69.07466 0.35987672 0.0022078 34 1.379525
2009 06 12 13 19 09.000 0.275074 0.416276 123.58569 0.36734479 0.0045566 10 0.345675
2009 06 12 13 19 54.000 0.629960 5.000000 69.85923 0.35788676 0.0034648 59 1.702778
2009 06 12 13 21 48.000 0.629960 3.303980 69.29595 0.35426974 0.0033542 23 2.012775
2009 06 12 13 22 45.000 0.416276 3.303980 68.33490 0.35447287 0.0054035 100 1.439209
2009 06 12 13 24 45.000 0.416276 3.303980 66.84552 0.34804210 0.0056875 100 1.272240
2009 06 12 13 27 15.000 0.275074 3.303980 65.91642 0.34364613 0.0091563 100 1.522516
2009 06 12 13 28 42.000 0.416276 3.303980 66.67051 0.34475052 0.0056474 92 1.506857
2009 06 12 13 35 54.000 0.181769 0.416276 133.69414 0.35719849 0.0069387 10 0.298774
2009 06 12 13 55 09.000 0.416276 3.303980 67.18048 0.34615508 0.0054366 70 1.380893
2009 06 12 13 57 36.000 0.416276 3.303980 66.50549 0.34429338 0.0059747 57 1.131324
2009 06 12 13 58 51.000 0.629960 3.303980 66.32735 0.34229922 0.0044549 54 1.417984
2009 06 12 14 19 12.000 0.629960 2.183260 68.85356 0.34547912 0.0027299 27 1.410730
2009 06 12 14 20 57.000 0.416276 3.303980 68.22568 0.34506059 0.0053262 39 1.247917
2009 06 12 14 22 33.000 0.629960 2.183260 66.77063 0.34533113 0.0035612 23 1.083879
2009 06 12 14 23 24.000 0.629960 3.303980 66.91979 0.34310804 0.0036746 100 1.358103
2009 06 12 14 26 21.000 0.275074 0.629960 109.03701 0.37037138 0.0056731 10 0.398908
2009 06 12 14 25 24.000 0.181769 3.303980 66.01298 0.34395905 0.0128540 94 1.348039
2009 06 12 14 27 06.000 0.629960 2.183260 66.14790 0.34345763 0.0028310 36 1.097326
2009 06 12 14 58 33.000 0.629960 2.183260 68.61814 0.34857912 0.0028071 31 1.297902
2009 06 12 15 00 06.000 0.629960 3.303980 66.27292 0.34755568 0.0038467 23 1.311034
2009 06 12 15 01 12.000 0.629960 2.183260 67.42500 0.34834385 0.0022722 12 1.046079
2009 06 12 15 01 48.000 0.629960 3.303980 67.64655 0.34387691 0.0036579 52 1.259234
2009 06 12 15 03 39.000 0.181769 0.416276 120.06695 0.35060599 0.0091161 18 0.267506
2009 06 12 15 03 39.000 0.416276 3.303980 67.70625 0.34576732 0.0063082 34 1.651798
2009 06 12 15 04 33.000 0.416276 3.303980 66.71514 0.34657524 0.0056846 81 1.360419
2009 06 12 15 06 03.000 0.629960 2.183260 66.24496 0.34357494 0.0033196 77 1.114419
2009 06 12 15 08 03.000 0.953334 2.183260 66.61073 0.34381858 0.0015763 24 1.531122
2009 06 12 15 09 30.000 0.181769 0.629960 119.68767 0.36211654 0.0097733 19 0.314983
2009 06 12 15 30 24.000 0.629960 3.303980 67.37261 0.34979347 0.0037520 31 1.552167
2009 06 12 15 32 24.000 0.181769 0.275074 133.32107 0.32680710 0.0047153 10 0.228421
2009 06 12 15 32 36.000 0.629960 3.303980 66.56676 0.35082560 0.0037524 38 1.207747
2009 06 12 15 33 54.000 0.181769 0.416276 157.57537 0.34059860 0.0081187 12 0.267506
2009 06 12 15 33 36.000 0.416276 3.303980 66.87984 0.34810267 0.0062927 78 1.223707
2009 06 12 15 35 24.000 0.416276 3.303980 66.92851 0.34625733 0.0065649 100 1.297673
2009 06 12 15 36 57.000 0.181769 3.303980 64.80638 0.34777901 0.0161819 100 1.077733
2009 06 12 15 37 54.000 0.181769 3.303980 65.74959 0.34463167 0.0143974 46 1.442460
2009 06 12 15 38 30.000 0.275074 3.303980 66.74039 0.34530082 0.0091319 100 1.419370
2009 06 12 15 40 18.000 0.953334 3.303980 67.48674 0.34468340 0.0016621 10 1.846187
2009 06 12 15 52 09.000 0.120112 0.416276 122.78096 0.35272761 0.0109626 13 0.240659
2009 06 12 15 56 30.000 0.181769 0.416276 124.77432 0.36653014 0.0082099 18 0.280534
2009 06 12 16 00 45.000 0.181769 0.416276 128.20668 0.36827334 0.0088538 11 0.239081
2009 06 12 16 11 39.000 0.120112 0.416276 133.70527 0.35521285 0.0102301 16 0.184968
2009 06 12 16 12 33.000 0.629960 3.303980 69.40739 0.35225531 0.0038125 39 1.396163
2009 06 12 16 13 09.000 0.120112 0.416276 122.85603 0.35476123 0.0104038 19 0.220374
2009 06 12 16 13 24.000 0.629960 2.183260 68.54078 0.34921449 0.0030727 54 1.248634
2009 06 12 16 14 30.000 0.416276 5.000000 67.92467 0.34897465 0.0081626 100 1.440902
2009 06 12 16 16 09.000 0.629960 3.303980 68.29714 0.34817150 0.0060139 100 1.580093
2009 06 12 16 17 42.000 0.416276 5.000000 67.22874 0.34815955 0.0094901 100 1.367878
2009 06 12 16 18 51.000 0.416276 5.000000 67.46363 0.34769956 0.0106835 100 1.617525
2009 06 12 16 19 51.000 0.120112 5.000000 66.00535 0.34929011 0.0232113 100 1.217713
2009 06 12 16 21 00.000 0.079370 5.000000 66.23013 0.34610127 0.0346800 109 1.230835
2009 06 12 16 21 33.000 0.120112 5.000000 66.41847 0.34370146 0.0285710 100 1.411149
2009 06 12 16 22 21.000 0.120112 5.000000 66.88440 0.34567720 0.0244650 100 1.292573
2009 06 12 16 23 36.000 0.120112 3.303980 67.19048 0.34451496 0.0209293 100 1.149401
2009 06 12 16 24 42.000 0.181769 3.303980 67.31695 0.34483403 0.0156955 52 1.241658
2009 06 12 16 25 24.000 0.120112 3.303980 66.32361 0.34638247 0.0194446 62 1.231557
2009 06 12 16 26 24.000 0.120112 3.303980 66.74836 0.34377396 0.0187373 76 1.131398
2009 06 12 16 27 33.000 0.629960 3.303980 66.76290 0.34319974 0.0039388 64 1.512725
2009 06 12 16 27 57.000 0.120112 3.303980 65.53453 0.34709369 0.0201320 99 1.150380
2009 06 12 16 29 27.000 0.629960 3.303980 66.55914 0.34292134 0.0035699 56 1.393703
2009 06 12 16 30 24.000 0.629960 3.303980 66.94994 0.34429683 0.0033059 13 1.571572
2009 06 12 16 30 48.000 0.181769 0.416276 115.02102 0.37150569 0.0078871 15 0.251872
2009 06 12 16 30 33.000 0.629960 3.303980 66.29133 0.34443050 0.0030913 75 1.412507
2009 06 12 16 32 21.000 0.953334 2.183260 66.48031 0.34077058 0.0010850 10 1.689987
2009 06 12 16 47 51.000 0.181769 0.953334 123.85156 0.36579440 0.0119111 19 0.378815
2009 06 12 16 59 27.000 0.629960 2.183260 68.12179 0.35503763 0.0030617 17 1.019054
2009 06 12 17 00 27.000 0.629960 3.303980 67.72780 0.35277588 0.0036600 39 1.498312
2009 06 12 17 01 30.000 0.629960 3.303980 67.89120 0.34971523 0.0038414 38 1.704094
2009 06 12 17 02 24.000 0.416276 5.000000 66.92417 0.34986757 0.0073361 100 1.283710
2009 06 12 17 04 00.000 0.416276 3.303980 67.35305 0.34941310 0.0077828 100 1.202376
2009 06 12 17 05 39.000 0.416276 5.000000 66.69999 0.34803275 0.0094657 100 1.223983
2009 06 12 17 06 57.000 0.416276 5.000000 66.57046 0.34629583 0.0099019 100 1.437329
2009 06 12 17 08 06.000 0.120112 5.000000 66.24176 0.34554866 0.0232364 100 1.406702
2009 06 12 17 09 06.000 0.416276 5.000000 66.18679 0.34533422 0.0101927 100 1.619302
2009 06 12 17 10 00.000 0.416276 5.000000 66.53524 0.34470496 0.0097909 100 1.645956
2009 06 12 17 11 12.000 0.629960 5.000000 66.64869 0.34477912 0.0057371 100 1.735866
2009 06 12 17 12 30.000 0.629960 5.000000 66.75163 0.34486471 0.0038990 20 1.875968
2009 06 12 17 12 54.000 0.629960 3.303980 65.17683 0.34740926 0.0036628 35 1.557407
2009 06 12 17 13 24.000 0.629960 3.303980 64.81598 0.34437653 0.0033667 10 1.589493
2009 06 12 17 14 00.000 0.629960 2.183260 65.47406 0.34442323 0.0025225 12 1.301412
2009 06 12 17 14 09.000 0.079370 0.953334 128.81892 0.35977639 0.0210061 31 0.270915
2009 06 12 17 30 24.000 0.953334 3.303980 66.90234 0.36969960 0.0016893 10 2.248371
2009 06 12 17 30 57.000 0.629960 1.442700 67.03143 0.37575770 0.0028329 16 0.969434
2009 06 12 17 32 39.000 0.629960 3.303980 67.96212 0.36739764 0.0041549 25 1.621563
2009 06 12 17 35 09.000 0.629960 2.183260 67.62982 0.36964634 0.0037115 13 1.120285
2009 06 12 17 36 18.000 0.629960 3.303980 66.39512 0.35023268 0.0045016 31 1.447477
2009 06 12 17 37 15.000 0.275074 1.442700 64.04561 0.35556329 0.0110407 18 0.697737
2009 06 12 17 37 57.000 0.629960 5.000000 66.87215 0.34844849 0.0057556 100 1.458943
2009 06 12 17 39 39.000 0.416276 5.000000 65.94810 0.34729643 0.0102553 100 1.293580
2009 06 12 17 41 27.000 0.416276 5.000000 65.83368 0.34481453 0.0109793 100 1.500676
2009 06 12 17 42 45.000 0.629960 5.000000 65.13607 0.34694271 0.0095899 100 1.994752
2009 06 12 17 44 00.000 0.629960 5.000000 65.76210 0.34671191 0.0064159 100 1.742893
2009 06 12 17 45 21.000 0.181769 5.000000 65.76207 0.34376471 0.0173865 100 1.626879
2009 06 12 17 46 30.000 0.629960 5.000000 65.36903 0.34397757 0.0041980 100 1.722096
2009 06 12 17 48 36.000 0.629960 2.183260 65.02927 0.34618235 0.0028826 23 1.030404
2009 06 12 17 49 24.000 0.629960 3.303980 66.22294 0.34343233 0.0031316 26 1.617831
2009 06 12 17 53 36.000 0.181769 0.416276 130.08306 0.33488794 0.0086387 11 0.281718
2009 06 12 17 58 12.000 0.275074 0.629960 202.01550 0.30520269 0.0099374 13 0.427572
2009 06 12 18 18 48.000 0.629960 5.000000 85.51742 0.32917105 0.0064552 16 2.765244
2009 06 12 18 18 48.000 0.416276 3.303980 68.35822 0.36508074 0.0099812 100 1.193945
2009 06 12 18 21 06.000 0.416276 5.000000 67.34606 0.36527343 0.0094147 89 1.294862
2009 06 12 18 22 48.000 0.416276 3.303980 67.38143 0.36275013 0.0090607 89 1.119279
2009 06 12 18 24 24.000 0.416276 2.183260 66.49951 0.35702856 0.0085832 100 1.045695
2009 06 12 18 26 45.000 0.416276 5.000000 65.79482 0.35047862 0.0097583 100 1.333821
2009 06 12 18 28 21.000 0.275074 5.000000 65.40456 0.34664156 0.0140134 100 1.678436
2009 06 12 18 29 33.000 0.416276 5.000000 64.55663 0.34400784 0.0113878 100 1.780154
2009 06 12 18 30 45.000 0.416276 5.000000 64.27384 0.34355893 0.0114072 100 1.427169
2009 06 12 18 32 27.000 0.629960 5.000000 64.68534 0.34476155 0.0057647 100 1.796014
2009 06 12 18 34 12.000 0.629960 2.183260 65.01620 0.34405241 0.0040410 50 1.174500
2009 06 12 18 36 21.000 0.629960 2.183260 65.32412 0.34558841 0.0035485 24 1.335276
2009 06 12 19 05 33.000 0.629960 3.303980 63.87496 0.36079065 0.0057782 30 1.394656
2009 06 12 19 07 06.000 0.416276 5.000000 64.32429 0.36084951 0.0101633 100 1.475252
2009 06 12 19 08 18.000 0.629960 3.303980 64.08283 0.36130873 0.0069075 12 1.541630
2009 06 12 19 08 45.000 0.416276 5.000000 63.84307 0.36036512 0.0118381 47 1.934250
2009 06 12 19 09 54.000 0.629960 3.303980 63.11924 0.36237020 0.0065798 28 1.316640
2009 06 12 19 11 39.000 0.416276 2.183260 64.32161 0.35893712 0.0089249 30 1.118063
2009 06 12 19 13 39.000 0.416276 5.000000 66.87109 0.35203275 0.0097783 55 1.670752
2009 06 12 19 14 48.000 0.416276 5.000000 66.79372 0.34995937 0.0104624 100 1.391276
2009 06 12 19 16 48.000 0.275074 5.000000 66.32974 0.34802817 0.0176638 100 1.488322
2009 06 12 19 18 03.000 0.629960 5.000000 66.25020 0.34897996 0.0072148 100 1.470335
2009 06 12 19 19 36.000 0.629960 5.000000 65.33850 0.34707394 0.0061568 25 1.358327
2009 06 12 19 20 18.000 0.629960 3.303980 65.44126 0.34771875 0.0064143 22 1.587216
2009 06 12 19 21 27.000 0.629960 3.303980 67.17632 0.34656831 0.0058560 21 1.634519
2009 06 12 19 22 27.000 0.629960 2.183260 65.91129 0.34878402 0.0036165 11 1.440603
2009 06 12 19 57 45.000 0.629960 5.000000 65.43871 0.36568518 0.0068831 23 1.216968
2009 06 12 19 58 36.000 0.629960 2.183260 65.33131 0.36302001 0.0041721 10 1.117825
2009 06 12 19 59 03.000 0.416276 5.000000 66.57443 0.36015635 0.0101504 78 1.745246
2009 06 12 20 00 57.000 0.416276 5.000000 66.06223 0.36160889 0.0104489 99 1.686037
2009 06 12 20 03 00.000 0.629960 5.000000 65.33140 0.35944518 0.0072985 25 1.489113
2009 06 12 20 05 30.000 0.953334 3.303980 65.78972 0.34433691 0.0045684 13 2.076309
2009 06 12 20 06 09.000 0.629960 3.303980 65.97838 0.34891230 0.0072910 35 1.613955
2009 06 12 20 07 21.000 0.416276 5.000000 66.29796 0.34706350 0.0113806 100 1.638398
2009 06 12 20 08 36.000 0.416276 5.000000 66.71427 0.34684148 0.0114684 100 1.892507
2009 06 12 20 09 42.000 0.416276 5.000000 66.71407 0.34629628 0.0105524 100 1.835513
2009 06 12 20 10 42.000 0.629960 5.000000 66.74914 0.34588713 0.0069475 100 2.091641
2009 06 12 20 12 21.000 0.629960 5.000000 66.51094 0.34621209 0.0060642 100 2.027486
2009 06 12 20 14 24.000 1.442700 5.000000 65.94241 0.34738196 0.0023425 13 2.853865
2009 06 12 20 29 09.000 0.181769 0.629960 160.54181 0.36958748 0.0194417 18 0.381937
2009 06 12 20 51 27.000 0.629960 5.000000 65.38388 0.36816521 0.0063486 59 1.635350
2009 06 12 20 52 57.000 0.953334 3.303980 68.96522 0.36581672 0.0031066 30 1.670581
2009 06 12 20 53 54.000 0.629960 3.303980 68.95443 0.36691015 0.0054511 59 1.489066
2009 06 12 20 55 42.000 0.629960 1.442700 67.31994 0.36880183 0.0053062 11 1.087189
2009 06 12 20 56 18.000 0.629960 3.303980 67.17974 0.35505959 0.0067639 51 1.449705
2009 06 12 20 57 39.000 0.416276 5.000000 67.13683 0.34824433 0.0114658 52 1.932546
2009 06 12 20 57 42.000 0.181769 0.416276 128.05383 0.36592150 0.0101926 18 0.306590
2009 06 12 20 58 27.000 0.629960 5.000000 67.13059 0.34388869 0.0090363 100 1.944785
2009 06 12 20 59 33.000 0.416276 5.000000 66.75752 0.34579320 0.0129220 100 1.929531
2009 06 12 21 00 33.000 0.181769 5.000000 67.17893 0.34478453 0.0227755 100 1.948128
2009 06 12 21 01 30.000 0.416276 5.000000 66.65690 0.34462908 0.0158558 100 2.027185
2009 06 12 21 02 24.000 0.416276 5.000000 66.45702 0.34411634 0.0163290 100 1.997517
2009 06 12 21 03 21.000 0.416276 5.000000 66.65328 0.34396113 0.0163240 100 1.965099
2009 06 12 21 04 12.000 0.416276 5.000000 66.44620 0.34454433 0.0112572 100 1.889943
2009 06 12 21 05 15.000 0.416276 5.000000 66.33739 0.34398559 0.0085160 100 1.805303
2009 06 12 21 06 39.000 0.953334 5.000000 66.53336 0.34466172 0.0032795 40 1.996907
2009 06 12 21 07 54.000 0.629960 3.303980 66.06060 0.34666086 0.0043575 18 1.518599
2009 06 12 21 08 36.000 0.629960 3.303980 66.64514 0.34536472 0.0035289 74 2.058673
2009 06 12 21 14 36.000 0.181769 0.416276 137.61371 0.38380209 0.0109542 13 0.291558
2009 06 12 21 48 18.000 0.416276 5.000000 67.45802 0.36649407 0.0073404 100 1.583834
2009 06 12 21 49 48.000 0.629960 3.303980 67.00266 0.36785113 0.0056016 22 1.516217
2009 06 12 21 50 45.000 0.629960 3.303980 65.39529 0.36505618 0.0055344 26 1.531244
2009 06 12 21 52 45.000 0.416276 3.303980 66.67436 0.36016991 0.0103753 91 1.420862
2009 06 12 21 54 27.000 0.275074 3.303980 67.23771 0.35800252 0.0156675 100 1.469399
2009 06 12 21 55 42.000 0.275074 3.303980 66.90832 0.35762892 0.0149432 100 1.269722
2009 06 12 21 57 12.000 0.416276 5.000000 67.26850 0.35419085 0.0109740 100 1.284325
2009 06 12 21 59 03.000 0.275074 5.000000 66.68652 0.35077906 0.0162264 100 1.644983
2009 06 12 22 00 09.000 0.416276 5.000000 66.75582 0.34894403 0.0137751 100 1.587327
2009 06 12 22 01 12.000 0.416276 5.000000 66.80518 0.34904235 0.0120297 100 1.659198
2009 06 12 22 02 24.000 0.629960 5.000000 67.00994 0.34867479 0.0067860 100 1.693614
2009 06 12 22 03 36.000 0.629960 5.000000 67.14834 0.34813686 0.0074411 100 2.011446
2009 06 12 22 04 57.000 0.629960 5.000000 66.97450 0.34670594 0.0070996 50 2.109512
2009 06 12 22 05 39.000 0.416276 5.000000 66.69023 0.34800418 0.0094315 100 1.836892
2009 06 12 22 06 42.000 0.629960 5.000000 67.11253 0.34714065 0.0069249 99 2.074434
2009 06 12 22 08 54.000 0.629960 5.000000 66.58642 0.34424213 0.0056449 65 1.843672
2009 06 12 22 11 09.000 2.183260 3.303980 66.46725 0.34686313 0.0010677 11 2.743620
2009 06 12 23 33 45.000 0.629960 5.000000 67.77422 0.36097389 0.0110323 69 2.020569
2009 06 12 23 35 21.000 0.416276 5.000000 67.86633 0.35596255 0.0183976 98 1.566950
2009 06 12 23 37 33.000 0.181769 3.303980 67.85367 0.35611825 0.0490548 94 1.154442
2009 06 12 23 39 48.000 0.275074 2.183260 68.88540 0.35565625 0.0301383 57 0.898978
2009 06 12 23 40 54.000 0.629960 3.303980 66.64974 0.34706227 0.0098073 33 1.626025
2009 06 12 23 41 42.000 0.181769 5.000000 65.77622 0.34624439 0.0469411 100 1.253572
2009 06 12 23 43 09.000 0.416276 3.303980 66.97229 0.34689706 0.0176806 100 1.327853
2009 06 12 23 44 24.000 0.275074 5.000000 65.93942 0.34695557 0.0315974 100 1.228623
2009 06 12 23 45 45.000 0.416276 5.000000 65.99126 0.34685933 0.0255709 100 1.502954
2009 06 12 23 47 00.000 0.416276 5.000000 65.80554 0.34876228 0.0182470 44 1.951889
2009 06 12 23 48 27.000 0.629960 5.000000 65.68539 0.34857159 0.0078495 49 1.715694
2009 06 13 00 38 24.000 0.416276 5.000000 66.72896 0.34984880 0.0107062 100 2.177810
2009 06 13 00 40 00.000 0.629960 5.000000 67.49777 0.34838255 0.0088570 100 2.183661
2009 06 13 00 41 03.000 0.416276 5.000000 67.43932 0.34865080 0.0151050 100 2.096722
2009 06 13 00 42 21.000 0.629960 5.000000 66.86382 0.34680169 0.0130602 100 2.121697
2009 06 13 00 43 27.000 0.629960 5.000000 67.20048 0.34850961 0.0127840 100 2.202467
2009 06 13 00 44 45.000 0.416276 5.000000 66.93137 0.34950972 0.0192105 100 1.722603
2009 06 13 00 46 09.000 0.416276 5.000000 66.62950 0.34977497 0.0179296 100 2.010544
2009 06 13 00 47 09.000 0.416276 5.000000 66.35958 0.34800777 0.0213998 100 1.872035
2009 06 13 00 48 03.000 0.416276 5.000000 66.50518 0.34949246 0.0192004 100 2.197108
2009 06 13 00 49 24.000 0.275074 5.000000 66.73402 0.34734434 0.0250149 100 1.947981
2009 06 13 00 50 24.000 0.275074 5.000000 66.55725 0.34721915 0.0244026 100 1.788146
2009 06 13 00 51 12.000 0.416276 5.000000 66.01186 0.34953266 0.0169348 100 1.401711
2009 06 13 00 53 03.000 0.629960 5.000000 65.62708 0.34885229 0.0088291 100 2.372791
2009 06 13 00 55 06.000 0.953334 5.000000 66.73215 0.34711191 0.0044134 18 2.826910
2009 06 13 00 55 33.000 0.629960 5.000000 66.00600 0.34712993 0.0066503 28 2.197693
2009 06 13 00 56 18.000 0.953334 5.000000 65.83584 0.34566074 0.0043618 10 2.530045
2009 06 13 00 57 27.000 0.629960 3.303980 66.12461 0.34852484 0.0048634 26 1.684884
2009 06 13 02 18 39.000 0.953334 3.303980 66.58069 0.34807842 0.0069594 30 2.072220
2009 06 13 02 19 48.000 0.629960 5.000000 67.41770 0.34748232 0.0102064 100 1.982433
2009 06 13 02 21 24.000 0.629960 5.000000 66.95414 0.34830331 0.0114380 100 1.875274
2009 06 13 02 22 33.000 0.629960 5.000000 67.21518 0.34788637 0.0111135 100 2.196347
2009 06 13 02 23 48.000 0.629960 5.000000 66.73445 0.34985490 0.0120634 78 1.666332
2009 06 13 02 25 27.000 0.629960 3.303980 66.76201 0.34729931 0.0114341 100 1.451038
2009 06 13 02 27 06.000 0.629960 5.000000 66.92846 0.34792822 0.0110519 91 1.476907
2009 06 13 02 29 18.000 0.416276 3.303980 66.81281 0.34949629 0.0149435 100 1.499636
2009 06 13 02 30 42.000 0.416276 5.000000 67.13913 0.34909631 0.0124178 100 1.877381
2009 06 13 02 31 39.000 0.629960 5.000000 67.30146 0.34884395 0.0079796 51 2.085554
2009 06 13 02 32 45.000 0.629960 3.303980 66.51365 0.34901516 0.0078636 66 1.402371
2009 06 13 03 17 42.000 0.629960 5.000000 66.69168 0.35047678 0.0189097 100 2.108580
2009 06 13 03 19 15.000 0.629960 5.000000 66.53199 0.35334709 0.0171412 25 2.062345
2009 06 13 03 19 39.000 0.629960 5.000000 65.92880 0.35258700 0.0201285 100 1.946158
2009 06 13 03 20 45.000 0.275074 5.000000 65.70088 0.35163627 0.0421335 100 2.045841
2009 06 13 03 21 42.000 0.416276 5.000000 66.07682 0.35135145 0.0334526 100 2.067659
2009 06 13 03 22 39.000 0.416276 5.000000 66.11766 0.35089270 0.0280010 100 2.100677
2009 06 13 03 23 39.000 0.416276 5.000000 66.54491 0.35010140 0.0243463 100 1.832528
2009 06 13 03 24 27.000 0.416276 5.000000 66.97185 0.34889180 0.0249849 100 1.981334
2009 06 13 03 25 24.000 0.416276 5.000000 66.99541 0.34859880 0.0265991 100 1.897171
2009 06 13 03 26 15.000 0.275074 5.000000 66.45176 0.34872158 0.0354564 100 1.934153
2009 06 13 03 27 18.000 0.416276 5.000000 66.60361 0.34967610 0.0239648 100 1.932275
2009 06 13 03 28 15.000 0.416276 5.000000 66.16290 0.34943287 0.0210704 100 1.708648
2009 06 13 03 29 12.000 0.416276 5.000000 66.44966 0.35000873 0.0248414 100 1.972877
2009 06 13 03 30 06.000 0.416276 5.000000 66.42753 0.35058458 0.0244260 100 2.109983
2009 06 13 03 31 06.000 0.416276 5.000000 65.90279 0.35152795 0.0224483 100 1.962414
2009 06 13 03 32 00.000 0.629960 5.000000 65.91465 0.35089272 0.0144473 100 2.088918
2009 06 13 03 33 36.000 0.629960 5.000000 66.11934 0.35147985 0.0136465 100 2.034074
2009 06 13 03 35 21.000 0.629960 5.000000 66.36756 0.35157397 0.0121949 100 1.939710
2009 06 13 03 36 42.000 0.629960 5.000000 66.39187 0.35082856 0.0128652 100 2.221328
2009 06 13 03 37 45.000 0.416276 5.000000 66.20585 0.35014685 0.0199446 100 1.866674
2009 06 13 03 39 15.000 0.629960 5.000000 65.63129 0.34875274 0.0137876 100 2.139661
2009 06 13 03 41 15.000 0.629960 5.000000 65.08123 0.35319078 0.0110008 41 1.796145
2009 06 13 03 43 09.000 0.416276 5.000000 66.15991 0.35007736 0.0252859 45 2.154308
2009 06 13 03 44 21.000 0.416276 5.000000 66.26496 0.35099767 0.0217715 100 1.717677
2009 06 13 03 45 21.000 0.416276 5.000000 66.50135 0.34934180 0.0224372 100 1.961229
2009 06 13 03 46 15.000 0.416276 5.000000 66.39033 0.34805127 0.0259636 100 1.897171
2009 06 13 03 47 09.000 0.416276 5.000000 66.17852 0.34966312 0.0254610 100 1.946958
2009 06 13 03 48 00.000 0.416276 5.000000 65.95541 0.34923646 0.0259223 100 1.807759
2009 06 13 03 48 48.000 0.416276 5.000000 66.05900 0.35092977 0.0279383 100 1.876924
2009 06 13 03 49 48.000 0.416276 5.000000 65.38891 0.35087367 0.0268204 100 1.614917
2009 06 13 03 50 42.000 0.416276 5.000000 65.67528 0.35099392 0.0263331 100 1.682445
2009 06 13 03 51 39.000 0.416276 5.000000 65.43343 0.35266864 0.0251782 100 1.976033
2009 06 13 03 52 36.000 0.416276 5.000000 65.81088 0.35283054 0.0268293 101 1.963572
2009 06 13 03 53 42.000 0.416276 5.000000 65.58282 0.34965011 0.0261574 87 1.916487
2009 06 13 03 55 06.000 0.416276 5.000000 65.61055 0.35085186 0.0261541 100 1.660875
2009 06 13 03 56 48.000 0.629960 3.303980 66.04574 0.34760274 0.0146859 26 1.157541
2009 06 13 03 58 06.000 0.416276 5.000000 66.61166 0.34832326 0.0159421 78 1.443161
2009 06 13 06 14 21.000 0.416276 5.000000 67.98072 0.35720777 0.0172799 100 1.192249
2009 06 13 06 15 51.000 0.416276 5.000000 67.86519 0.35316190 0.0242133 100 1.572248
2009 06 13 06 17 27.000 0.416276 5.000000 68.05887 0.35448204 0.0277097 100 1.983561
2009 06 13 06 18 24.000 0.416276 5.000000 67.59528 0.35646863 0.0317818 100 1.720296
2009 06 13 06 19 30.000 0.416276 5.000000 67.53232 0.35809252 0.0293864 98 1.908699
2009 06 13 06 20 30.000 0.275074 5.000000 67.23316 0.35613800 0.0377174 100 1.717258
2009 06 13 06 21 15.000 0.275074 5.000000 66.95141 0.35693385 0.0353760 100 1.357637
2009 06 13 06 22 15.000 0.275074 5.000000 67.38326 0.35545104 0.0408343 100 1.445465
2009 06 13 06 23 24.000 0.275074 5.000000 67.00194 0.35504069 0.0410213 100 1.426005
2009 06 13 06 24 24.000 0.416276 5.000000 67.24671 0.35354036 0.0296591 100 1.827407
2009 06 13 06 25 18.000 0.275074 5.000000 67.58301 0.35294166 0.0408232 100 1.854374
2009 06 13 06 26 12.000 0.275074 5.000000 67.75614 0.35337410 0.0368293 100 1.811215
2009 06 13 06 27 00.000 0.275074 5.000000 67.19773 0.35605509 0.0370497 100 1.458236
2009 06 13 06 27 42.000 0.275074 5.000000 67.02622 0.35487915 0.0317370 100 1.293440
2009 06 13 06 29 00.000 0.416276 5.000000 66.89671 0.35553321 0.0205564 100 1.354293
2009 06 13 06 30 27.000 0.416276 5.000000 67.21769 0.35512144 0.0198352 100 1.342726
2009 06 13 06 32 18.000 0.275074 5.000000 66.96483 0.35543822 0.0369446 100 1.520496
2009 06 13 06 33 54.000 0.275074 5.000000 68.04212 0.35506684 0.0299866 100 1.381853
2009 06 13 06 35 09.000 0.416276 5.000000 67.60795 0.35515153 0.0212138 100 1.299455
2009 06 13 06 36 15.000 0.275074 5.000000 67.11437 0.35407459 0.0278572 100 1.852487
2009 06 13 06 37 12.000 0.275074 5.000000 67.28826 0.35499928 0.0265757 100 1.647578
2009 06 13 06 38 06.000 0.275074 5.000000 67.33431 0.35440493 0.0275759 100 1.635242
2009 06 13 06 38 54.000 0.275074 5.000000 67.31056 0.35657706 0.0269587 100 1.475851
2009 06 13 06 40 00.000 0.275074 5.000000 67.61262 0.35520219 0.0278770 100 1.485100
2009 06 13 06 40 42.000 0.275074 5.000000 67.25370 0.35528417 0.0276075 100 1.285471
2009 06 13 06 42 03.000 0.275074 2.183260 66.55723 0.35505426 0.0244096 100 0.865794
2009 06 13 06 43 39.000 0.629960 3.303980 67.94290 0.35588161 0.0121936 18 1.656168
2009 06 13 06 44 09.000 0.416276 3.303980 67.22035 0.35435765 0.0217599 28 1.721891
2009 06 13 06 44 57.000 0.275074 3.303980 66.93297 0.35932740 0.0324446 100 1.055304
2009 06 13 06 46 39.000 0.416276 3.303980 66.50448 0.35497845 0.0195685 64 1.482107
2009 06 13 06 47 54.000 0.275074 5.000000 66.46237 0.35594811 0.0277303 100 1.199831
2009 06 13 06 48 42.000 0.275074 5.000000 67.17366 0.35524426 0.0242081 100 1.250241
2009 06 13 06 50 06.000 0.416276 5.000000 67.23078 0.35514242 0.0185195 81 1.270494
2009 06 13 06 51 39.000 0.275074 5.000000 67.24997 0.35280759 0.0265469 99 1.080302
2009 06 13 06 53 33.000 0.275074 3.303980 67.56906 0.35064844 0.0216714 14 1.671010
2009 06 13 06 55 18.000 0.416276 3.303980 67.61816 0.34676295 0.0136920 17 1.538629
2009 06 13 10 07 15.000 0.416276 0.953334 80.99361 0.35874079 0.0025610 13 0.750335
2009 06 13 10 14 45.000 0.275074 1.442700 117.25358 0.35399766 0.0057809 13 0.682274
2009 06 13 10 20 42.000 0.181769 0.953334 76.03871 0.36364937 0.0080730 15 0.439090
2009 06 13 10 23 54.000 0.275074 0.629960 126.32085 0.31877302 0.0039662 14 0.459746
2009 06 13 10 27 03.000 0.181769 0.629960 92.94571 0.35528603 0.0063106 18 0.332994
2009 06 13 10 31 57.000 0.275074 0.953334 82.49325 0.35687317 0.0052099 19 0.551882
2009 06 13 10 34 54.000 0.416276 0.953334 75.32435 0.36430914 0.0021649 17 0.617893
2009 06 13 10 40 30.000 0.275074 0.629960 80.83300 0.36511168 0.0037826 12 0.463970
2009 06 13 10 44 33.000 0.275074 0.953334 83.74631 0.36046967 0.0043089 12 0.553480
2009 06 13 10 46 09.000 0.275074 0.629960 79.04287 0.37467343 0.0035967 10 0.452141
2009 06 13 10 47 30.000 0.120112 0.181769 223.75828 0.36371757 0.0017990 10 0.150941
2009 06 13 10 47 45.000 0.629960 1.442700 68.44015 0.35660911 0.0013064 20 0.954195
2009 06 13 10 48 39.000 0.953334 1.442700 78.18746 0.33959326 0.0011925 10 1.198017
2009 06 13 10 48 30.000 0.416276 3.303980 68.33522 0.35578054 0.0044108 63 1.543460
2009 06 13 10 49 27.000 0.275074 5.000000 68.25622 0.35470593 0.0081861 100 1.382942
2009 06 13 10 50 33.000 0.416276 5.000000 68.21283 0.35429286 0.0079557 100 1.636844
2009 06 13 10 51 27.000 0.181769 5.000000 67.62920 0.35355125 0.0133098 100 1.494309
2009 06 13 10 52 24.000 0.275074 5.000000 67.36352 0.35054738 0.0122944 93 1.335955
2009 06 13 10 53 24.000 0.120112 3.303980 67.07845 0.35099293 0.0166149 100 0.906413
2009 06 13 10 54 15.000 0.275074 5.000000 66.69150 0.34845473 0.0141129 100 1.125727
2009 06 13 10 55 15.000 0.275074 3.303980 66.65180 0.34879521 0.0135834 100 0.927578
2009 06 13 10 56 21.000 0.416276 3.303980 66.41738 0.34695221 0.0094270 12 1.344036
2009 06 13 10 56 27.000 0.181769 5.000000 66.97422 0.35067563 0.0176851 100 1.167266
2009 06 13 10 57 18.000 0.181769 5.000000 66.31347 0.34743347 0.0178525 101 1.252462
2009 06 13 10 58 15.000 0.275074 5.000000 66.02267 0.34323619 0.0127484 100 1.402733
2009 06 13 10 59 12.000 0.275074 5.000000 65.55126 0.34365995 0.0148772 100 1.591250
2009 06 13 11 00 03.000 0.275074 5.000000 65.29629 0.34510053 0.0157565 100 1.207483
2009 06 13 11 01 03.000 0.181769 5.000000 66.20043 0.34685761 0.0189540 100 1.048598
2009 06 13 11 02 06.000 0.181769 5.000000 66.54936 0.34538660 0.0178150 100 1.231011
2009 06 13 11 02 51.000 0.181769 3.303980 66.91539 0.34894940 0.0173458 100 0.932022
2009 06 13 11 03 48.000 0.275074 2.183260 67.32061 0.35236179 0.0108061 100 0.847583
2009 06 13 11 05 09.000 0.181769 3.303980 67.83365 0.35411879 0.0171660 100 0.797606
2009 06 13 11 06 15.000 0.181769 3.303980 66.96884 0.35109772 0.0167993 100 0.926873
2009 06 13 11 07 15.000 0.181769 3.303980 68.19468 0.34938882 0.0158601 100 0.750094
2009 06 13 11 08 18.000 0.181769 3.303980 67.42095 0.35024231 0.0159632 100 0.847865
2009 06 13 11 09 24.000 0.181769 3.303980 67.36559 0.34876157 0.0169310 100 0.852944
2009 06 13 11 10 18.000 0.181769 5.000000 67.77772 0.34707778 0.0180539 100 1.018712
2009 06 13 11 11 06.000 0.181769 3.303980 67.12541 0.35063083 0.0170556 100 0.843694
2009 06 13 11 12 00.000 0.181769 3.303980 67.42798 0.34862898 0.0177758 100 0.820569
2009 06 13 11 13 09.000 0.275074 2.183260 67.08855 0.34898024 0.0123399 33 0.758652
2009 06 13 11 13 33.000 0.181769 3.303980 67.17905 0.35052355 0.0169158 100 0.996781
2009 06 13 11 14 33.000 0.275074 5.000000 67.75746 0.35284592 0.0138832 100 1.275510
2009 06 13 11 15 27.000 0.181769 5.000000 67.36827 0.35261251 0.0191549 100 1.256749
2009 06 13 11 16 18.000 0.181769 5.000000 67.15599 0.35175629 0.0215128 103 1.283452
2009 06 13 11 17 24.000 0.275074 3.303980 67.05899 0.35208307 0.0139243 100 0.990172
2009 06 13 11 18 33.000 0.181769 5.000000 67.48845 0.35061586 0.0189003 100 1.041767
2009 06 13 11 19 27.000 0.181769 5.000000 68.01867 0.35044889 0.0192460 100 1.257952
2009 06 13 11 20 24.000 0.181769 3.303980 68.13771 0.35132163 0.0188438 100 0.950683
2009 06 13 11 21 18.000 0.181769 5.000000 67.38304 0.35189154 0.0187402 100 1.168454
2009 06 13 11 22 12.000 0.181769 5.000000 67.49625 0.34798996 0.0176001 100 0.793212
2009 06 13 11 23 21.000 0.275074 3.303980 68.01419 0.34846417 0.0141615 100 0.909709
2009 06 13 11 24 24.000 0.120112 2.183260 67.82455 0.34524231 0.0248194 100 0.858172
2009 06 13 11 25 33.000 0.120112 3.303980 66.94820 0.34597788 0.0232719 100 0.806990
2009 06 13 11 26 33.000 0.181769 5.000000 66.91692 0.34782707 0.0162967 84 0.995980
2009 06 13 11 27 24.000 0.120112 5.000000 66.86564 0.34835548 0.0228252 100 1.130076
2009 06 13 11 28 06.000 0.120112 5.000000 66.78752 0.34720254 0.0197703 100 1.036737
2009 06 13 11 28 48.000 0.181769 5.000000 67.13817 0.34555909 0.0141128 100 1.198802
2009 06 13 11 29 36.000 0.079370 5.000000 66.27246 0.34175253 0.0260201 100 1.271391
2009 06 13 11 30 24.000 0.120112 5.000000 66.88315 0.34084703 0.0181378 100 1.100031
2009 06 13 11 31 06.000 0.079370 5.000000 66.90207 0.34207862 0.0267685 100 1.314244
2009 06 13 11 31 45.000 0.120112 3.303980 66.40465 0.34152997 0.0172901 100 0.984959
2009 06 13 11 32 36.000 0.275074 5.000000 65.80650 0.34173824 0.0084944 100 1.337884
2009 06 13 11 33 39.000 0.275074 3.303980 65.73646 0.34439264 0.0068713 100 1.218127
2009 06 13 11 35 12.000 0.416276 2.183260 66.18285 0.34480709 0.0037436 45 1.197647
2009 06 13 11 36 42.000 0.120112 2.183260 66.70967 0.34742896 0.0154302 98 0.868637
2009 06 13 11 39 45.000 0.416276 1.442700 68.43179 0.34995257 0.0025457 16 0.665998
2009 06 13 11 59 06.000 0.181769 0.953334 78.75280 0.34967867 0.0082368 28 0.382614
2009 06 13 12 00 00.000 0.275074 0.629960 125.85833 0.32562842 0.0041162 11 0.410200
2009 06 13 12 04 45.000 0.181769 0.629960 77.87503 0.37247654 0.0080376 15 0.385385
2009 06 13 12 12 57.000 0.275074 0.629960 74.93292 0.34261104 0.0042833 13 0.427572
2009 06 13 12 27 54.000 0.275074 0.953334 81.32800 0.35811517 0.0048404 10 0.523591
2009 06 13 12 30 18.000 0.181769 0.629960 80.83848 0.35764543 0.0076783 15 0.279335
2009 06 13 12 35 21.000 0.275074 0.953334 80.44266 0.37104776 0.0053659 11 0.539679
2009 06 13 12 56 51.000 0.275074 1.442700 72.28315 0.36071793 0.0053756 17 0.846354
2009 06 13 13 26 21.000 0.275074 0.629960 82.31216 0.34871201 0.0042530 13 0.427572
2009 06 13 14 07 18.000 0.416276 0.953334 73.95064 0.34950982 0.0027026 10 0.630530
2009 06 13 14 11 57.000 0.416276 0.953334 70.31693 0.36043824 0.0026614 19 0.537251
2009 06 13 14 20 45.000 0.181769 0.953334 65.71357 0.34160833 0.0092907 10 0.411419
2009 06 13 14 29 15.000 0.181769 0.416276 75.78312 0.37958352 0.0102940 11 0.324356
2009 06 13 14 31 42.000 0.275074 0.953334 77.12681 0.36021622 0.0060361 14 0.491601
2009 06 13 14 33 18.000 0.275074 1.442700 76.86979 0.36954252 0.0069402 15 0.580571
2009 06 13 14 37 15.000 0.416276 0.953334 80.05392 0.37952416 0.0029110 11 0.694000
2009 06 13 14 42 24.000 0.181769 0.416276 221.78754 0.41664169 0.0090973 10 0.251872
2009 06 13 14 53 48.000 0.275074 0.629960 68.05448 0.36778460 0.0064771 12 0.493544
2009 06 13 14 57 15.000 0.953334 2.183260 0.64834 0.34741320 0.0015380 16 1.505498
2009 06 13 15 00 39.000 0.275074 0.953334 82.56205 0.37355389 0.0062799 16 0.462270
2009 06 13 15 04 42.000 0.181769 1.442700 82.66955 0.35381149 0.0092184 35 0.452430
2009 06 13 15 11 30.000 0.275074 0.953334 71.68743 0.36580832 0.0071996 11 0.556240
2009 06 13 15 15 33.000 0.181769 0.953334 81.52978 0.34990403 0.0101317 13 0.529080
2009 06 13 15 29 15.000 0.275074 0.953334 89.34949 0.35260897 0.0060604 13 0.509832
2009 06 13 16 01 51.000 0.629960 1.442700 74.84602 0.34990232 0.0020778 27 0.942154
2009 06 13 16 04 03.000 0.181769 1.442700 74.52400 0.35941315 0.0130914 22 0.705628
2009 06 13 16 05 27.000 0.629960 5.000000 75.58506 0.34956989 0.0037278 10 1.666901
2009 06 13 16 07 09.000 0.416276 0.953334 77.22537 0.35221125 0.0029372 13 0.688367
2009 06 13 16 16 03.000 0.275074 1.442700 74.25455 0.35272289 0.0065657 16 0.778529
2009 06 13 16 29 36.000 0.275074 1.442700 76.49822 0.34992773 0.0061763 27 0.726107
2009 06 13 16 32 27.000 0.181769 0.953334 80.56590 0.35829226 0.0106305 11 0.486528
2009 06 13 16 38 06.000 0.181769 0.416276 74.59531 0.37185634 0.0066368 11 0.303037
2009 06 13 16 39 45.000 0.275074 1.442700 70.58108 0.36251358 0.0058349 14 0.705927
2009 06 13 16 42 00.000 0.275074 0.953334 70.08733 0.35687582 0.0053856 11 0.466874
2009 06 13 16 50 39.000 0.416276 1.442700 75.62580 0.35330093 0.0035556 11 0.743474
2009 06 13 16 59 06.000 0.416276 0.953334 85.34733 0.36151921 0.0023441 11 0.620765
2009 06 13 17 03 21.000 0.181769 0.953334 73.92188 0.38200217 0.0094099 16 0.570492
2009 06 13 17 05 00.000 0.181769 0.953334 75.68283 0.39170087 0.0097654 30 0.420578
2009 06 13 17 13 42.000 0.275074 0.629960 77.13076 0.35800085 0.0044578 14 0.434397
2009 06 13 17 22 42.000 0.275074 0.953334 80.97927 0.36645912 0.0051820 20 0.617340
2009 06 13 17 25 42.000 0.275074 0.953334 77.39521 0.36483052 0.0054559 17 0.607455
2009 06 13 17 29 06.000 0.181769 0.416276 85.96833 0.38932630 0.0057250 20 0.263597
2009 06 13 17 34 21.000 0.181769 0.953334 80.75448 0.36675124 0.0094744 16 0.455728
2009 06 13 17 37 36.000 0.181769 0.953334 75.16515 0.36071910 0.0078394 29 0.442943
2009 06 13 17 42 18.000 0.181769 0.416276 88.83252 0.37908319 0.0052567 13 0.273519
2009 06 13 17 46 30.000 0.416276 0.953334 71.05087 0.36976783 0.0025772 15 0.594726
2009 06 13 17 48 39.000 0.275074 0.953334 85.66953 0.37523953 0.0061742 11 0.483005
2009 06 13 17 51 21.000 0.181769 0.416276 84.51336 0.36218117 0.0073210 12 0.277277
2009 06 13 18 01 57.000 0.181769 0.629960 79.16861 0.34746212 0.0079342 15 0.349896
2009 06 13 18 06 42.000 0.416276 0.953334 76.59896 0.37377510 0.0021450 11 0.767235
2009 06 13 18 16 24.000 0.275074 0.629960 81.61457 0.37060454 0.0042424 10 0.434397
2009 06 13 18 17 39.000 0.181769 0.953334 79.26862 0.35841283 0.0086300 30 0.420054
2009 06 13 18 18 45.000 0.275074 0.953334 81.15403 0.37179591 0.0055775 14 0.523456
2009 06 13 18 25 39.000 0.181769 0.629960 80.41928 0.35853248 0.0075350 31 0.347919
2009 06 13 18 33 15.000 0.181769 1.442700 80.51540 0.36629105 0.0093508 32 0.463704
2009 06 13 18 36 39.000 0.416276 1.442700 70.40900 0.34840268 0.0035590 13 0.698970
2009 06 13 18 40 33.000 0.181769 1.442700 82.91446 0.37129131 0.0092817 23 0.336987
2009 06 13 18 42 21.000 0.181769 0.629960 86.84538 0.36936312 0.0080750 19 0.321319
2009 06 13 18 46 27.000 0.181769 0.953334 76.36592 0.35802411 0.0075752 15 0.393725
2009 06 13 18 52 48.000 0.181769 0.953334 83.05909 0.36040122 0.0095026 26 0.381348
2009 06 13 18 57 24.000 0.181769 1.442700 77.03637 0.35831720 0.0093136 34 0.532783
2009 06 13 18 58 57.000 0.181769 1.442700 74.76981 0.35761919 0.0093906 28 0.632683
2009 06 13 19 10 33.000 0.416276 0.953334 123.44198 0.33087681 0.0027518 13 0.647054
2009 06 13 19 13 54.000 0.275074 0.953334 77.92921 0.36567662 0.0051750 18 0.498867
2009 06 13 19 17 12.000 0.181769 0.275074 110.92968 0.36735030 0.0040408 12 0.228421
2009 06 13 19 25 36.000 0.181769 0.629960 79.21621 0.36594761 0.0070368 21 0.368307
2009 06 13 19 27 12.000 0.416276 0.953334 74.59118 0.36644476 0.0026043 12 0.657383
2009 06 13 19 32 18.000 0.181769 0.629960 82.33976 0.36553335 0.0062981 16 0.364289
2009 06 13 19 33 24.000 0.416276 1.442700 70.58804 0.35790709 0.0027854 15 0.747131
2009 06 13 19 44 39.000 0.181769 0.629960 74.17040 0.35252102 0.0071767 31 0.365091
2009 06 13 19 46 45.000 0.181769 0.953334 83.75527 0.35997854 0.0072996 29 0.419478
2009 06 13 19 48 42.000 0.953334 5.000000 2.96935 0.33713128 0.0026404 34 2.501158
2009 06 13 19 51 48.000 0.181769 0.953334 81.58229 0.35764469 0.0072846 30 0.429982
2009 06 13 19 58 39.000 0.181769 1.442700 80.51005 0.35410239 0.0087165 32 0.521725
2009 06 13 20 03 06.000 0.181769 1.442700 75.20313 0.36924490 0.0087549 27 0.403084
2009 06 13 20 08 21.000 0.181769 0.416276 68.29753 0.36758895 0.0046822 18 0.267506
2009 06 13 20 13 33.000 0.181769 0.953334 80.67454 0.37793550 0.0089058 20 0.424609
2009 06 13 20 14 48.000 0.181769 0.953334 60.37940 0.30914074 0.0069982 11 0.518360
2009 06 13 20 18 39.000 0.181769 0.629960 76.54418 0.37008498 0.0061526 31 0.378380
2009 06 13 20 21 42.000 0.181769 0.953334 79.90626 0.36638584 0.0086867 29 0.383776
2009 06 13 20 26 09.000 0.181769 0.629960 81.85267 0.35468643 0.0078775 14 0.417646
2009 06 13 20 27 57.000 0.416276 0.953334 75.66651 0.36517078 0.0024154 10 0.657383
2009 06 13 20 28 48.000 0.416276 1.442700 81.31377 0.36148982 0.0030447 17 0.745101
2009 06 13 20 33 36.000 0.275074 1.442700 68.61642 0.36345469 0.0046795 11 0.723742
2009 06 13 20 34 09.000 0.181769 1.442700 76.36911 0.35807820 0.0082570 27 0.329589
2009 06 13 20 46 15.000 0.181769 0.953334 76.68913 0.36289249 0.0076495 12 0.465279
2009 06 13 20 49 21.000 0.181769 0.629960 76.88185 0.35933270 0.0073448 18 0.421368
2009 06 13 20 52 57.000 0.275074 0.629960 70.67133 0.34797186 0.0044143 10 0.452141
2009 06 13 20 59 15.000 0.181769 1.442700 81.42205 0.35553415 0.0068846 16 0.458354
2009 06 13 21 01 09.000 0.181769 0.629960 87.57061 0.35100793 0.0061940 20 0.390348
2009 06 13 21 04 45.000 0.275074 0.953334 81.90240 0.35194764 0.0046997 14 0.517287
2009 06 13 21 10 33.000 0.181769 0.416276 72.22904 0.36460708 0.0053104 10 0.251872
2009 06 13 21 12 00.000 0.416276 0.629960 79.07585 0.36664825 0.0019220 10 0.523118
2009 06 13 21 15 15.000 0.181769 0.629960 79.80888 0.35499032 0.0070798 19 0.305644
2009 06 13 21 23 12.000 0.181769 0.953334 75.78930 0.35848134 0.0083822 38 0.391929
2009 06 13 21 32 30.000 0.416276 0.953334 71.59962 0.35673734 0.0030538 17 0.602097
2009 06 13 22 02 09.000 0.275074 0.629960 81.95569 0.35934001 0.0044242 23 0.461399
2009 06 13 22 11 27.000 0.181769 5.000000 89.68942 0.35648103 0.0089653 21 0.742917
2009 06 13 22 23 27.000 0.275074 0.953334 84.13534 0.35747029 0.0051927 29 0.529889
2009 06 13 22 36 45.000 0.181769 0.629960 68.07833 0.37042191 0.0100664 14 0.358573
2009 06 13 22 44 42.000 0.275074 0.629960 82.71688 0.36936536 0.0049503 12 0.360462
2009 06 13 22 48 00.000 0.416276 3.303980 67.57448 0.36433429 0.0067619 100 1.521241
2009 06 13 22 49 27.000 0.275074 3.303980 67.31195 0.36205293 0.0108980 100 1.393420
2009 06 13 22 50 42.000 0.416276 3.303980 67.48052 0.36366709 0.0086429 100 1.376215
2009 06 13 22 51 45.000 0.416276 3.303980 66.95174 0.36208493 0.0080543 47 1.262498
2009 06 13 22 52 27.000 0.181769 5.000000 66.61678 0.36269888 0.0177133 100 1.301225
2009 06 13 22 53 18.000 0.181769 3.303980 66.70504 0.35757401 0.0175409 100 1.031400
2009 06 13 22 54 12.000 0.181769 3.303980 66.65465 0.35938778 0.0182125 100 0.896313
2009 06 13 22 55 09.000 0.275074 5.000000 66.89913 0.35713705 0.0172982 100 1.334244
2009 06 13 22 56 06.000 0.181769 5.000000 66.84070 0.35437242 0.0216340 100 1.171496
2009 06 13 22 57 06.000 0.275074 5.000000 66.79293 0.35635761 0.0240993 100 1.004929
2009 06 13 22 58 09.000 0.120112 5.000000 66.56174 0.34571248 0.0430102 100 0.955019
2009 06 13 22 58 42.000 0.120112 5.000000 66.28540 0.34827413 0.0428834 100 1.350241
2009 06 13 22 59 24.000 0.181769 5.000000 66.80484 0.34771172 0.0367366 100 1.488385
2009 06 13 23 00 06.000 0.181769 5.000000 66.66691 0.35034541 0.0374418 100 1.287072
2009 06 13 23 00 42.000 0.181769 5.000000 66.93166 0.34734864 0.0379047 100 1.516552
2009 06 13 23 01 21.000 0.181769 5.000000 66.76563 0.34775618 0.0384500 100 1.601115
2009 06 13 23 02 06.000 0.181769 5.000000 66.32524 0.34931871 0.0364178 100 1.066622
2009 06 13 23 02 48.000 0.181769 5.000000 66.56736 0.34805387 0.0368760 100 1.331953
2009 06 13 23 03 27.000 0.181769 5.000000 66.63558 0.34780748 0.0373585 100 1.456812
2009 06 13 23 04 09.000 0.181769 5.000000 66.61377 0.34870790 0.0315401 100 1.378215
2009 06 13 23 04 45.000 0.181769 5.000000 66.29102 0.34751380 0.0303899 100 1.354561
2009 06 13 23 05 27.000 0.181769 5.000000 66.49241 0.34640700 0.0314219 100 1.237620
2009 06 13 23 06 12.000 0.181769 5.000000 66.60267 0.34546629 0.0262085 100 1.203043
2009 06 13 23 07 00.000 0.181769 5.000000 67.09516 0.34649390 0.0261613 100 1.242797
2009 06 13 23 07 30.000 0.120112 5.000000 66.97326 0.34735524 0.0311521 100 1.389071
2009 06 13 23 08 12.000 0.181769 5.000000 66.98478 0.34850594 0.0226300 100 1.191089
2009 06 13 23 09 03.000 0.181769 5.000000 67.01338 0.35193829 0.0246095 100 1.184624
2009 06 13 23 09 42.000 0.120112 5.000000 66.88205 0.35126382 0.0360507 100 1.089968
2009 06 13 23 10 24.000 0.120112 3.303980 67.05775 0.34704825 0.0317377 100 0.989388
2009 06 13 23 11 18.000 0.181769 5.000000 66.48845 0.35262701 0.0214762 100 0.966365
2009 06 13 23 12 12.000 0.181769 3.303980 66.79889 0.35103159 0.0199896 100 1.039732
2009 06 13 23 13 06.000 0.181769 2.183260 66.33237 0.35106702 0.0212231 100 0.906485
2009 06 13 23 14 06.000 0.181769 3.303980 66.00286 0.35143933 0.0205468 100 0.847876
2009 06 13 23 15 09.000 0.181769 3.303980 66.73602 0.35588904 0.0211235 100 0.916067
2009 06 13 23 15 51.000 0.181769 3.303980 67.39235 0.35592445 0.0206797 100 0.933941
2009 06 13 23 16 45.000 0.181769 5.000000 66.90640 0.35507230 0.0218816 100 0.931279
2009 06 13 23 17 39.000 0.181769 3.303980 67.02340 0.35028135 0.0195701 100 1.008412
2009 06 13 23 18 42.000 0.181769 3.303980 66.32151 0.35634937 0.0193147 100 0.979286
2009 06 13 23 19 30.000 0.181769 5.000000 66.04547 0.35398175 0.0206234 100 1.049834
2009 06 13 23 20 18.000 0.181769 3.303980 66.42317 0.35176982 0.0197169 100 1.013431
2009 06 13 23 21 24.000 0.275074 3.303980 66.86296 0.35297281 0.0148119 100 1.042584
2009 06 13 23 22 21.000 0.181769 5.000000 66.75860 0.35780376 0.0206403 100 1.161414
2009 06 13 23 23 18.000 0.275074 3.303980 67.18896 0.34995716 0.0152156 100 1.141970
2009 06 13 23 24 12.000 0.275074 3.303980 66.60740 0.34990609 0.0160312 100 1.114735
2009 06 13 23 25 15.000 0.181769 5.000000 66.20457 0.35144253 0.0215494 100 1.271937
2009 06 13 23 26 12.000 0.181769 5.000000 66.59095 0.34957130 0.0214582 100 1.029184
2009 06 13 23 27 00.000 0.181769 5.000000 66.80562 0.34796207 0.0226812 100 1.231020
2009 06 13 23 27 39.000 0.181769 5.000000 66.62326 0.34612535 0.0199432 100 1.544845
2009 06 13 23 28 27.000 0.181769 5.000000 66.69408 0.34846921 0.0185054 102 1.284391
2009 06 13 23 29 27.000 0.275074 5.000000 65.93931 0.34616614 0.0145353 100 1.583281
2009 06 13 23 30 15.000 0.181769 3.303980 66.47486 0.34822330 0.0206218 101 1.013870
2009 06 13 23 31 21.000 0.275074 3.303980 66.15205 0.34828614 0.0128862 100 1.253646
2009 06 13 23 32 18.000 0.275074 5.000000 65.94004 0.34912431 0.0136589 100 1.044026
2009 06 13 23 33 24.000 0.275074 3.303980 66.64338 0.34769680 0.0143484 100 0.989442
2009 06 13 23 34 21.000 0.181769 5.000000 66.48248 0.35194861 0.0198721 100 1.093084
2009 06 13 23 35 21.000 0.181769 3.303980 65.28437 0.34847308 0.0194768 100 0.979285
2009 06 13 23 36 24.000 0.275074 3.303980 65.45733 0.34738256 0.0129015 100 1.003204
2009 06 13 23 37 39.000 0.275074 3.303980 66.06925 0.34310160 0.0138151 100 1.076861
2009 06 13 23 39 12.000 0.629960 1.442700 65.65550 0.34474257 0.0040052 11 0.976361
2009 06 13 23 39 33.000 0.181769 2.183260 67.04928 0.35063231 0.0164952 100 0.831275
2009 06 13 23 41 12.000 0.275074 1.442700 66.79330 0.35173930 0.0080286 54 0.747041
2009 06 13 23 42 42.000 0.181769 0.629960 73.32882 0.38053082 0.0074552 17 0.401589
2009 06 13 23 43 09.000 0.275074 2.183260 66.63928 0.35698720 0.0079644 65 0.833060
2009 06 13 23 57 09.000 0.275074 0.629960 86.63001 0.35131567 0.0047362 16 0.390036
2009 06 13 23 59 09.000 0.275074 0.629960 87.23704 0.37006331 0.0035467 13 0.468520
2009 06 14 01 20 57.000 0.416276 0.953334 81.11571 0.35367581 0.0025778 11 0.669588
2009 06 14 10 15 21.000 1.442700 5.000000 16.09134 0.34366059 0.0034290 25 3.009163
2009 06 14 10 36 12.000 0.275074 0.629960 233.96192 0.31414979 0.0178919 10 0.505374
2009 06 14 11 20 06.000 2.183260 3.303980 15.31954 0.33444241 0.0012442 10 2.743620
2009 06 14 17 33 09.000 2.183260 5.000000 188.43547 0.34278588 0.0012279 58 3.569216
2009 06 14 19 28 45.000 0.052448 0.079370 217.41763 0.36278349 0.1004760 10 0.065909
2009 06 14 19 38 54.000 0.416276 0.953334 56.77237 0.30805042 0.0021356 10 0.657383
2009 06 14 19 56 06.000 0.629960 2.183260 311.18346 0.33745473 0.0036430 30 1.144916
2009 06 14 20 08 09.000 0.629960 2.183260 66.10984 0.36732939 0.0026354 41 1.124341
2009 06 14 20 09 27.000 0.275074 2.183260 66.29440 0.36587631 0.0091779 100 0.930298
2009 06 14 20 10 36.000 0.275074 3.303980 66.71699 0.36327006 0.0119365 100 1.084675
2009 06 14 20 12 06.000 0.181769 2.183260 67.69927 0.36636531 0.0170609 100 0.664830
2009 06 14 20 13 03.000 0.181769 2.183260 66.70718 0.36366592 0.0189601 100 0.771368
2009 06 14 20 14 03.000 0.181769 3.303980 66.72174 0.36527452 0.0253108 100 0.806014
2009 06 14 20 15 06.000 0.181769 3.303980 65.91229 0.36356248 0.0224468 100 0.720639
2009 06 14 20 16 06.000 0.181769 5.000000 65.81471 0.35984475 0.0260896 100 0.878074
2009 06 14 20 17 12.000 0.181769 3.303980 66.30736 0.35558349 0.0283921 100 0.920521
2009 06 14 20 18 03.000 0.120112 3.303980 66.35342 0.35575645 0.0419861 100 0.683953
2009 06 14 20 19 00.000 0.120112 2.183260 66.94006 0.35278745 0.0432825 100 0.567894
2009 06 14 20 19 36.000 0.181769 5.000000 66.42018 0.35325848 0.0369789 100 0.852957
2009 06 14 20 20 30.000 0.120112 5.000000 66.51584 0.34925979 0.0605027 100 0.914837
2009 06 14 20 21 21.000 0.120112 3.303980 66.00384 0.34803206 0.0658747 100 0.958962
2009 06 14 20 22 03.000 0.181769 5.000000 66.19843 0.34418084 0.0505466 100 0.966425
2009 06 14 20 22 45.000 0.120112 5.000000 66.65446 0.34328046 0.0609700 100 1.177548
2009 06 14 20 23 27.000 0.120112 5.000000 66.32822 0.34381753 0.0690645 100 1.352951
2009 06 14 20 24 03.000 0.120112 5.000000 66.23222 0.34542991 0.0747674 100 1.015188
2009 06 14 20 24 36.000 0.120112 5.000000 66.07861 0.34516147 0.0716520 100 1.090019
2009 06 14 20 25 21.000 0.120112 5.000000 66.05590 0.34338475 0.0707790 100 1.331560
2009 06 14 20 26 03.000 0.120112 5.000000 66.36126 0.34203966 0.0648910 100 1.080695
2009 06 14 20 26 33.000 0.120112 5.000000 66.33872 0.34093861 0.0635782 100 1.445197
2009 06 14 20 27 12.000 0.120112 5.000000 65.97359 0.33949449 0.0620178 100 1.211207
2009 06 14 20 27 48.000 0.120112 5.000000 66.59433 0.34388120 0.0624515 100 1.017383
2009 06 14 20 28 24.000 0.120112 5.000000 66.76167 0.34193273 0.0623346 100 1.448091
2009 06 14 20 29 09.000 0.120112 5.000000 66.47633 0.33994871 0.0644681 100 1.094101
2009 06 14 20 29 36.000 0.120112 5.000000 66.62085 0.33983904 0.0640991 100 1.451322
2009 06 14 20 30 18.000 0.181769 5.000000 66.92041 0.34031889 0.0517873 100 1.210113
2009 06 14 20 31 00.000 0.181769 5.000000 66.69738 0.34291499 0.0540670 100 0.893526
2009 06 14 20 31 39.000 0.120112 5.000000 66.33637 0.34173445 0.0627275 100 1.178624
2009 06 14 20 32 21.000 0.120112 3.303980 66.15392 0.34486782 0.0601465 100 0.842311
2009 06 14 20 33 12.000 0.120112 5.000000 66.27582 0.34258921 0.0597347 100 0.900804
2009 06 14 20 34 03.000 0.120112 3.303980 66.23712 0.34134161 0.0561476 100 0.774348
2009 06 14 20 34 36.000 0.120112 3.303980 66.03789 0.34271568 0.0641670 100 0.953757
2009 06 14 20 35 24.000 0.120112 5.000000 66.02712 0.34555948 0.0658510 100 1.057682
2009 06 14 20 36 09.000 0.120112 3.303980 66.01101 0.34871052 0.0601402 100 0.854751
2009 06 14 20 36 51.000 0.120112 5.000000 66.07939 0.34394110 0.0614617 100 0.954557
2009 06 14 20 37 33.000 0.181769 5.000000 66.19369 0.35027562 0.0540876 100 1.368123
2009 06 14 20 38 24.000 0.120112 5.000000 66.39040 0.34936221 0.0585443 100 0.856053
2009 06 14 20 39 09.000 0.120112 5.000000 65.84097 0.34684364 0.0614608 100 0.890804
2009 06 14 20 39 45.000 0.181769 5.000000 66.11730 0.34519564 0.0503536 100 1.034044
2009 06 14 20 40 30.000 0.181769 3.303980 66.24299 0.34635169 0.0472892 100 1.058216
2009 06 14 20 41 21.000 0.120112 3.303980 66.45806 0.34707962 0.0566987 100 0.953813
2009 06 14 20 42 09.000 0.120112 2.183260 66.34631 0.34560116 0.0526435 100 0.686229
2009 06 14 20 43 03.000 0.120112 3.303980 66.90823 0.34648218 0.0522600 100 0.662089
2009 06 14 20 43 39.000 0.120112 5.000000 66.40827 0.34199514 0.0527597 100 1.033683
2009 06 14 20 44 27.000 0.120112 5.000000 66.24879 0.34252414 0.0485277 100 1.071701
2009 06 14 20 45 15.000 0.181769 3.303980 66.49060 0.34187722 0.0385871 100 1.040337
2009 06 14 20 46 06.000 0.181769 3.303980 67.00509 0.34229273 0.0376847 100 0.768238
2009 06 14 20 46 57.000 0.181769 5.000000 67.35054 0.34262567 0.0371202 100 0.784792
2009 06 14 20 47 42.000 0.181769 3.303980 66.63486 0.34476737 0.0375943 100 0.942408
2009 06 14 20 48 27.000 0.120112 3.303980 66.31484 0.34413362 0.0560926 101 0.814168
2009 06 14 20 49 27.000 0.120112 5.000000 66.69998 0.34262562 0.0482484 100 0.965795
2009 06 14 20 50 12.000 0.181769 5.000000 66.38137 0.34378590 0.0354897 100 1.243475
2009 06 14 20 51 00.000 0.181769 5.000000 66.54663 0.34407622 0.0380713 100 0.923653
2009 06 14 20 51 36.000 0.181769 5.000000 66.42318 0.34278132 0.0341649 100 1.006796
2009 06 14 20 52 24.000 0.181769 3.303980 66.49910 0.34571367 0.0414430 100 0.934720
2009 06 14 20 53 12.000 0.181769 5.000000 66.58646 0.34495878 0.0437119 100 1.325931
2009 06 14 20 53 57.000 0.181769 5.000000 66.61047 0.34502745 0.0418704 100 1.118481
2009 06 14 20 54 33.000 0.120112 5.000000 66.22978 0.34275696 0.0490358 100 1.373382
2009 06 14 20 55 15.000 0.120112 5.000000 66.37147 0.34067829 0.0543472 100 1.138745
2009 06 14 20 56 00.000 0.181769 3.303980 66.72129 0.34286725 0.0392829 100 0.901909
2009 06 14 20 56 39.000 0.181769 5.000000 66.50366 0.34104873 0.0449047 100 1.324755
2009 06 14 20 57 24.000 0.181769 5.000000 66.52676 0.34200697 0.0405371 100 1.169044
2009 06 14 20 58 09.000 0.181769 5.000000 66.03144 0.34273301 0.0425821 100 1.262264
2009 06 14 20 58 42.000 0.181769 5.000000 66.12149 0.34315743 0.0405453 100 1.224460
2009 06 14 20 59 27.000 0.181769 5.000000 66.47484 0.34330252 0.0389104 100 1.021133
2009 06 14 21 00 12.000 0.120112 5.000000 66.68504 0.34148190 0.0555253 100 1.292642
2009 06 14 21 00 51.000 0.181769 5.000000 66.27430 0.34294186 0.0373622 100 0.890789
2009 06 14 21 01 36.000 0.181769 3.303980 66.27788 0.34046650 0.0344025 100 1.108121
2009 06 14 21 02 21.000 0.181769 3.303980 66.23304 0.34356968 0.0349987 100 1.154961
2009 06 14 21 03 09.000 0.181769 5.000000 66.36747 0.34394607 0.0380602 100 1.253332
2009 06 14 21 03 45.000 0.181769 5.000000 66.66786 0.34346346 0.0369550 100 1.296909
2009 06 14 21 04 30.000 0.181769 5.000000 66.76645 0.34211617 0.0409005 100 1.219417
2009 06 14 21 05 15.000 0.120112 3.303980 66.23353 0.34077100 0.0560431 100 1.130423
2009 06 14 21 05 57.000 0.181769 3.303980 66.57982 0.34111344 0.0427316 100 0.921377
2009 06 14 21 06 36.000 0.181769 3.303980 65.86701 0.34014556 0.0402303 100 1.120502
2009 06 14 21 07 24.000 0.181769 3.303980 66.86403 0.33896825 0.0502975 100 1.041242
2009 06 14 21 08 09.000 0.181769 3.303980 66.52983 0.34192252 0.0507187 100 1.007313
2009 06 14 21 08 51.000 0.181769 3.303980 66.40376 0.34356997 0.0447246 100 0.962630
2009 06 14 21 09 33.000 0.120112 3.303980 66.59408 0.34216973 0.0582000 100 1.111373
2009 06 14 21 10 21.000 0.181769 3.303980 66.65766 0.34312627 0.0452868 100 1.105046
2009 06 14 21 11 06.000 0.181769 5.000000 66.99559 0.34212331 0.0420187 100 0.941145
2009 06 14 21 11 45.000 0.181769 3.303980 66.86046 0.34104442 0.0416102 100 0.861767
2009 06 14 21 12 33.000 0.181769 3.303980 66.63663 0.34145557 0.0418716 100 1.100072
2009 06 14 21 13 21.000 0.181769 3.303980 67.13321 0.33728955 0.0401112 100 0.979214
2009 06 14 21 14 09.000 0.181769 3.303980 66.66280 0.33999465 0.0339618 100 0.968840
2009 06 14 21 15 00.000 0.181769 3.303980 66.52013 0.34017401 0.0349355 100 0.940297
2009 06 14 21 15 39.000 0.181769 5.000000 66.31024 0.34366548 0.0327687 100 1.005607
2009 06 14 21 16 27.000 0.181769 3.303980 66.88593 0.34017901 0.0348403 100 1.040515
2009 06 14 21 17 15.000 0.181769 3.303980 66.33947 0.34064102 0.0372209 100 0.940686
2009 06 14 21 18 06.000 0.181769 5.000000 66.65536 0.33953686 0.0450706 100 1.020278
2009 06 14 21 18 45.000 0.181769 3.303980 66.50552 0.33736010 0.0389485 100 1.051848
2009 06 14 21 19 33.000 0.181769 3.303980 66.56745 0.33966349 0.0359769 100 1.091418
2009 06 14 21 20 15.000 0.181769 3.303980 66.27299 0.33820488 0.0389048 100 1.161110
2009 06 14 21 21 03.000 0.181769 3.303980 66.41691 0.33785758 0.0397106 100 0.981380
2009 06 14 21 21 42.000 0.181769 3.303980 66.28526 0.34018353 0.0387669 100 0.947900
2009 06 14 21 22 30.000 0.181769 2.183260 66.69997 0.34269393 0.0361812 100 0.835297
2009 06 14 21 23 24.000 0.181769 2.183260 66.31561 0.34115693 0.0317658 100 0.776258
2009 06 14 21 24 30.000 0.181769 3.303980 67.05439 0.34039363 0.0245997 100 0.976700
2009 06 14 21 25 27.000 0.275074 3.303980 65.49277 0.33981377 0.0127197 100 0.998323
2009 06 14 21 27 03.000 0.275074 2.183260 66.17988 0.33993277 0.0109256 100 0.941366
2009 06 14 21 28 51.000 0.416276 2.183260 66.16604 0.33577598 0.0057558 78 0.958023
2009 06 14 21 31 54.000 0.416276 1.442700 64.00236 0.34301490 0.0053042 35 0.857985
2009 06 14 22 34 09.000 0.629960 5.000000 314.16308 0.34019949 0.0065386 34 2.082170
2009 06 14 23 26 24.000 3.303980 5.000000 236.96426 0.34114586 0.0005258 10 4.151990
