2009 06 06 04 07 42.000 0.416276 3.303980 49.41269 0.35035275 0.0035877 100 1.161918
2009 06 06 04 09 18.000 0.416276 3.303980 48.64521 0.35618697 0.0040474 26 1.216632
2009 06 06 04 10 42.000 0.629960 1.442700 49.17556 0.35236696 0.0012788 12 1.164153
2009 06 06 04 29 15.000 0.953334 3.303980 49.47078 0.35086211 0.0024775 23 1.814405
2009 06 06 05 08 33.000 0.275074 5.000000 46.26562 0.34987706 0.0344923 100 1.424689
2009 06 06 05 09 33.000 0.275074 5.000000 48.06576 0.36151017 0.0248436 100 1.641359
2009 06 06 05 10 27.000 0.416276 5.000000 46.94647 0.38068861 0.0139937 46 1.738385
2009 06 06 13 54 24.000 0.181769 0.275074 85.33955 0.34745232 0.0036165 30 0.228421
2009 06 06 14 05 51.000 0.275074 0.953334 89.64528 0.46774382 0.0031178 10 0.541335
2009 06 06 14 21 24.000 0.181769 0.416276 79.90068 0.32883984 0.0032553 10 0.275323
2009 06 06 14 22 42.000 0.275074 0.629960 90.10554 0.33398890 0.0041968 11 0.442462
2009 06 06 15 07 27.000 0.181769 0.629960 86.01248 0.32603122 0.0037802 17 0.363194
2009 06 06 15 25 45.000 1.442700 3.303980 240.40557 0.36823109 0.0006156 18 2.278300
2009 06 06 15 29 12.000 0.181769 0.416276 79.89499 0.30748699 0.0027142 13 0.291558
2009 06 06 16 35 57.000 0.181769 0.416276 85.85176 0.32410746 0.0025864 12 0.267506
2009 06 06 17 03 27.000 0.181769 0.416276 164.95055 0.44079569 0.0026890 10 0.240147
2009 06 06 17 17 18.000 0.120112 0.275074 175.50506 0.45475969 0.0027743 19 0.175408
2009 06 06 17 24 36.000 0.120112 0.275074 177.11025 0.39192205 0.0023755 13 0.162861
2009 06 06 17 26 30.000 0.120112 0.181769 183.68078 0.36207810 0.0011183 10 0.150941
2009 06 06 17 28 48.000 0.120112 0.275074 170.68885 0.46524702 0.0019818 11 0.193203
2009 06 06 17 44 30.000 0.120112 0.275074 177.07430 0.39950114 0.0023693 32 0.155783
2009 06 06 17 46 48.000 0.079370 0.181769 187.78620 0.44885076 0.0018662 20 0.125341
2009 06 06 18 06 51.000 0.275074 0.629960 87.51625 0.32726692 0.0026440 17 0.439615
2009 06 06 18 46 48.000 0.120112 0.181769 191.29701 0.45287975 0.0013400 15 0.150941
2009 06 06 19 22 39.000 0.120112 0.416276 181.21220 0.39557500 0.0028724 11 0.228609
2009 06 06 19 28 48.000 0.120112 0.275074 169.03762 0.49976430 0.0026237 16 0.189681
2009 06 06 19 41 18.000 0.120112 0.416276 81.37444 0.31368133 0.0036286 14 0.209125
2009 06 06 20 33 39.000 0.181769 0.416276 87.00808 0.32240891 0.0035021 17 0.262908
2009 06 06 20 44 48.000 0.120112 0.275074 177.47809 0.41316277 0.0022152 19 0.167252
2009 06 06 21 06 30.000 0.120112 0.275074 168.91474 0.43584994 0.0028346 14 0.217353
2009 06 06 21 07 51.000 0.120112 0.275074 177.62571 0.43984600 0.0028833 20 0.181933
2009 06 06 21 08 36.000 0.120112 0.181769 171.73894 0.45651968 0.0015337 16 0.150941
2009 06 06 21 09 18.000 0.181769 0.416276 83.43481 0.31447901 0.0043076 17 0.304291
2009 06 06 22 19 06.000 0.181769 0.416276 171.41075 0.40874363 0.0041604 13 0.246460
2009 06 06 22 20 39.000 0.181769 0.416276 86.51105 0.32035620 0.0044755 14 0.261922
2009 06 06 22 24 45.000 1.442700 3.303980 48.70268 0.36204296 0.0005696 16 2.336465
2009 06 06 22 38 24.000 0.181769 0.275074 173.55061 0.41734318 0.0027057 10 0.228421
2009 06 06 23 23 15.000 0.181769 0.275074 182.71276 0.48685316 0.0027722 12 0.228421
2009 06 07 00 01 36.000 0.181769 0.953334 337.90740 0.39973787 0.0074336 14 0.310528
2009 06 07 00 32 27.000 0.181769 0.416276 163.30642 0.43350777 0.0045493 13 0.309597
2009 06 07 01 59 48.000 0.181769 0.416276 80.90476 0.36385097 0.0040312 10 0.251872
2009 06 07 06 35 51.000 1.442700 3.303980 44.37175 0.34375812 0.0007806 15 2.495449
2009 06 07 07 05 33.000 2.183260 5.000000 71.24335 0.33420854 0.0006247 19 3.633117
2009 06 07 07 08 03.000 2.183260 5.000000 71.01292 0.33810330 0.0005981 10 3.588642
2009 06 07 08 44 12.000 0.953334 2.183260 45.54548 0.35098043 0.0010471 21 1.490857
2009 06 07 13 26 18.000 2.183260 5.000000 69.73353 0.34219946 0.0003611 13 3.285301
2009 06 07 13 42 54.000 0.120112 0.416276 177.50340 0.32909994 0.0038335 16 0.206823
2009 06 07 14 04 51.000 0.181769 0.416276 93.12698 0.31910650 0.0030722 13 0.273519
2009 06 07 14 32 30.000 0.120112 0.629960 90.22096 0.30561949 0.0060220 24 0.279871
2009 06 07 14 59 21.000 0.181769 0.416276 86.72160 0.31934591 0.0029475 11 0.281718
2009 06 07 15 06 09.000 0.120112 0.416276 87.48608 0.31124053 0.0042173 14 0.242626
2009 06 07 15 29 36.000 0.181769 0.416276 90.59424 0.32470367 0.0033060 13 0.255480
2009 06 07 15 42 24.000 0.181769 0.629960 92.23007 0.31149106 0.0043320 27 0.298021
2009 06 07 15 52 33.000 1.442700 3.303980 139.39517 0.33334233 0.0005695 12 2.355853
2009 06 07 15 59 51.000 0.120112 0.275074 99.25624 0.32197077 0.0021043 13 0.198621
2009 06 07 16 31 48.000 0.181769 0.416276 89.12002 0.31055956 0.0033066 10 0.251872
2009 06 07 16 40 12.000 0.120112 0.181769 315.71096 0.38848492 0.0009505 10 0.150941
2009 06 07 16 55 24.000 0.120112 0.416276 94.05094 0.33013342 0.0041717 23 0.181349
2009 06 07 17 14 18.000 0.120112 0.275074 175.17807 0.32816048 0.0026562 13 0.186701
2009 06 07 17 33 33.000 0.022901 0.034657 73.77067 0.45812462 0.0016426 19 0.028779
2009 06 07 17 36 51.000 0.120112 0.416276 95.90455 0.35999096 0.0047193 18 0.248078
2009 06 07 17 59 12.000 0.120112 0.416276 98.30406 0.32183457 0.0037090 45 0.227767
2009 06 07 18 29 42.000 0.034657 0.052448 313.23881 0.43534292 0.0012522 20 0.043552
2009 06 07 18 33 00.000 0.181769 0.416276 166.05177 0.38631649 0.0026256 11 0.271059
2009 06 07 19 36 03.000 0.181769 1.442700 100.78106 0.33277470 0.0060944 16 0.463699
2009 06 07 20 00 30.000 0.120112 0.416276 99.81377 0.34895983 0.0044374 20 0.207372
2009 06 07 20 05 42.000 1.442700 3.303980 342.75870 0.43060269 0.0004812 16 2.278300
2009 06 07 20 19 36.000 0.120112 0.416276 105.28183 0.32121349 0.0035170 13 0.219561
2009 06 07 20 26 48.000 0.120112 0.275074 101.55714 0.33443089 0.0024178 14 0.184147
2009 06 07 20 29 24.000 0.181769 0.953334 99.75487 0.33403515 0.0051985 27 0.350093
2009 06 07 20 40 54.000 0.120112 0.275074 98.08591 0.32970250 0.0024183 28 0.200750
2009 06 07 21 10 30.000 0.120112 0.416276 91.81876 0.31730130 0.0038628 27 0.228651
2009 06 07 21 37 48.000 0.181769 0.416276 107.72474 0.37129421 0.0024341 12 0.287048
2009 06 07 21 53 30.000 0.275074 0.629960 96.88408 0.33143616 0.0028354 12 0.449183
2009 06 07 22 07 12.000 0.120112 0.416276 98.91288 0.33219721 0.0040233 18 0.219927
2009 06 07 22 08 03.000 0.181769 0.629960 98.43341 0.31242263 0.0048066 14 0.308098
2009 06 07 22 15 33.000 0.953334 3.303980 47.60614 0.34616846 0.0008515 24 1.789405
2009 06 07 22 17 15.000 0.953334 2.183260 45.72739 0.36692243 0.0006786 11 1.477546
2009 06 07 22 32 21.000 0.181769 0.416276 97.41193 0.33005272 0.0046099 11 0.281718
2009 06 07 22 57 33.000 0.120112 0.629960 100.55031 0.33003333 0.0064164 16 0.276282
2009 06 07 23 06 24.000 0.181769 0.629960 97.81986 0.30866077 0.0050552 13 0.368584
2009 06 07 23 33 33.000 0.181769 0.629960 99.49717 0.31077042 0.0052168 14 0.333447
2009 06 09 00 31 15.000 0.181769 0.629960 119.96771 0.35159890 0.0050891 10 0.316518
2009 06 09 00 31 42.000 0.275074 0.953334 116.01726 0.34345387 0.0035256 12 0.538693
2009 06 09 00 45 09.000 1.442700 3.303980 49.86974 0.34094601 0.0007529 14 2.278300
2009 06 09 00 56 42.000 1.442700 5.000000 46.44507 0.34856803 0.0008811 14 2.445372
2009 06 09 00 58 27.000 0.953334 5.000000 10.43372 0.34282706 0.0023552 28 2.848349
2009 06 09 06 41 18.000 0.275074 0.953334 98.86631 0.35892206 0.0034092 12 0.530709
2009 06 09 07 40 42.000 0.181769 0.953334 111.64374 0.36060686 0.0043248 53 0.459250
2009 06 09 08 08 15.000 0.275074 0.629960 97.55387 0.35674436 0.0025630 16 0.445487
2009 06 09 08 11 15.000 0.275074 0.953334 106.36590 0.35021378 0.0035416 12 0.508725
2009 06 09 08 23 18.000 0.275074 0.629960 75.17356 0.33737623 0.0024719 10 0.452141
2009 06 09 08 34 33.000 0.275074 0.629960 110.45493 0.36005205 0.0017431 14 0.434397
2009 06 09 08 39 51.000 0.275074 0.953334 117.75956 0.35293009 0.0025431 16 0.629509
2009 06 09 08 40 21.000 0.416276 0.629960 141.50420 0.32931825 0.0010499 10 0.523118
2009 06 09 08 40 54.000 0.275074 0.953334 116.62102 0.35522529 0.0022726 12 0.486348
2009 06 09 08 41 54.000 0.275074 0.629960 105.31184 0.36550493 0.0016301 13 0.427572
2009 06 09 08 49 09.000 0.275074 0.953334 112.79525 0.36240902 0.0024217 19 0.561221
2009 06 09 08 58 33.000 0.275074 1.442700 108.01529 0.35582624 0.0024926 55 0.518117
2009 06 09 09 06 03.000 0.275074 0.629960 111.21400 0.35579507 0.0021795 16 0.412216
2009 06 09 09 08 54.000 0.416276 1.442700 120.97317 0.35714214 0.0016315 19 0.685837
2009 06 09 09 27 39.000 0.275074 0.953334 109.98408 0.35947496 0.0023078 16 0.512323
2009 06 09 09 29 36.000 0.181769 0.629960 94.02901 0.33896422 0.0034471 16 0.312795
2009 06 09 09 35 12.000 0.275074 0.953334 117.99331 0.35550610 0.0022574 24 0.553480
2009 06 09 09 36 30.000 0.275074 0.953334 106.88848 0.35860203 0.0022851 37 0.550198
2009 06 09 09 39 15.000 0.416276 0.953334 106.75818 0.35185063 0.0012725 17 0.586301
2009 06 09 09 40 36.000 0.275074 0.629960 118.25543 0.37559597 0.0016242 11 0.377937
2009 06 09 09 44 42.000 0.275074 1.442700 109.45843 0.35979126 0.0027937 16 0.699859
2009 06 09 09 46 21.000 0.275074 0.953334 112.21444 0.35600723 0.0024506 21 0.476757
2009 06 09 09 52 06.000 0.275074 0.953334 112.58524 0.36452730 0.0023909 19 0.462538
2009 06 09 09 54 36.000 0.181769 0.953334 116.28594 0.36087507 0.0032831 23 0.428264
2009 06 09 09 56 09.000 0.275074 0.629960 114.75136 0.36838787 0.0023375 21 0.404823
2009 06 09 10 00 24.000 0.953334 3.303980 28.45719 0.33978560 0.0010889 35 1.929763
2009 06 09 10 01 36.000 0.953334 5.000000 29.11715 0.34216055 0.0012366 34 2.349519
2009 06 09 10 43 15.000 0.275074 0.629960 118.35312 0.35861693 0.0020901 11 0.426331
2009 06 09 10 43 45.000 0.275074 0.953334 95.81647 0.32407039 0.0023041 20 0.523591
2009 06 09 10 51 39.000 0.416276 1.442700 112.39132 0.35791847 0.0015919 16 0.632431
2009 06 09 11 03 45.000 0.275074 0.953334 105.03454 0.35736453 0.0022340 10 0.408017
2009 06 09 11 24 36.000 0.953334 2.183260 47.39129 0.34749905 0.0006987 13 1.387236
2009 06 09 11 26 12.000 0.629960 2.183260 47.07136 0.35037524 0.0013479 20 1.208987
2009 06 09 11 28 45.000 0.629960 3.303980 46.86652 0.34628096 0.0017442 100 1.292850
2009 06 09 11 30 36.000 0.629960 3.303980 47.21608 0.34740428 0.0017043 80 1.397492
2009 06 09 11 33 06.000 0.629960 3.303980 47.29455 0.34688851 0.0020910 83 1.590553
2009 06 09 11 34 24.000 0.629960 3.303980 47.26923 0.34446934 0.0019974 100 1.466658
2009 06 09 11 35 54.000 0.629960 3.303980 47.03611 0.34604790 0.0019563 90 1.544682
2009 06 09 11 37 36.000 0.629960 3.303980 46.97706 0.34780930 0.0016053 100 1.394240
2009 06 09 11 40 00.000 0.629960 3.303980 47.30282 0.35059014 0.0015985 98 1.727021
2009 06 09 11 42 06.000 0.416276 1.442700 115.49823 0.35637968 0.0016670 18 0.762605
2009 06 09 11 42 18.000 0.953334 3.303980 46.95173 0.34789427 0.0009147 23 1.720468
2009 06 09 11 44 12.000 0.275074 1.442700 115.53567 0.35910001 0.0029734 26 0.666644
2009 06 09 11 45 30.000 0.181769 0.629960 107.09846 0.35879200 0.0034969 14 0.375546
2009 06 09 11 48 57.000 0.181769 1.442700 119.37179 0.35257697 0.0031103 15 0.846727
2009 06 09 11 50 27.000 0.181769 1.442700 119.23837 0.35557474 0.0040455 10 0.562397
2009 06 09 11 51 30.000 0.416276 1.442700 104.15858 0.35664137 0.0015026 13 0.761488
2009 06 09 12 00 33.000 0.181769 0.953334 118.02148 0.35981467 0.0032646 19 0.492595
2009 06 09 12 00 51.000 0.181769 0.629960 105.17023 0.36782108 0.0030220 13 0.305207
2009 06 09 12 02 21.000 0.181769 1.442700 108.89440 0.35703733 0.0040097 95 0.535786
2009 06 09 12 04 45.000 0.953334 2.183260 46.95996 0.34479027 0.0006441 18 1.437169
2009 06 09 12 09 06.000 0.416276 1.442700 115.54961 0.34822411 0.0013845 12 0.691247
2009 06 09 12 11 39.000 0.181769 0.953334 115.95416 0.36388585 0.0032214 18 0.433379
2009 06 09 12 17 06.000 0.275074 0.629960 129.12791 0.36951400 0.0018275 12 0.404823
2009 06 09 12 18 12.000 0.275074 2.183260 112.16929 0.35239475 0.0028189 21 0.663312
2009 06 09 12 21 27.000 0.275074 1.442700 115.48345 0.36628077 0.0025102 19 0.653651
2009 06 09 12 22 39.000 0.416276 1.442700 122.50750 0.35063396 0.0014823 19 0.991393
2009 06 09 15 44 00.000 0.275074 0.953334 109.42273 0.36049473 0.0021635 16 0.479053
2009 06 09 15 44 21.000 0.275074 0.953334 94.64344 0.33887464 0.0022579 17 0.455411
2009 06 09 15 47 45.000 0.275074 0.629960 104.23252 0.35817284 0.0017382 10 0.398908
2009 06 09 16 08 00.000 0.275074 0.953334 115.85277 0.36021288 0.0020628 21 0.617190
2009 06 09 17 08 42.000 0.120112 0.275074 152.15511 0.36253432 0.0126589 19 0.216188
2009 06 09 17 27 24.000 0.181769 0.953334 103.59567 0.35871255 0.0034333 47 0.501202
2009 06 09 18 02 09.000 0.181769 0.416276 98.18123 0.34418353 0.0018425 12 0.306590
2009 06 09 18 04 36.000 0.416276 0.953334 111.00991 0.35694966 0.0012625 19 0.692715
2009 06 09 18 29 48.000 0.275074 1.442700 88.94811 0.35964684 0.0026168 11 0.698680
2009 06 09 19 23 57.000 0.275074 1.442700 118.90130 0.36133266 0.0025040 15 0.727381
2009 06 09 19 40 24.000 0.181769 0.629960 99.41710 0.36245010 0.0031887 27 0.376421
2009 06 09 20 14 48.000 1.442700 3.303980 147.20949 0.34040916 0.0005549 10 2.557492
2009 06 09 20 16 51.000 1.442700 5.000000 140.19549 0.36283444 0.0009281 29 2.859790
2009 06 09 20 22 06.000 0.416276 0.953334 117.66753 0.36063910 0.0014032 11 0.645177
2009 06 09 20 27 30.000 0.275074 1.442700 92.31315 0.34929714 0.0028035 26 0.452188
2009 06 09 20 30 45.000 0.181769 0.953334 99.49294 0.34208053 0.0037807 23 0.428264
2009 06 09 20 43 54.000 0.416276 0.953334 112.89041 0.34412040 0.0011883 11 0.645177
2009 06 09 20 44 48.000 0.275074 0.629960 110.39472 0.36875098 0.0016964 17 0.429178
2009 06 09 20 49 18.000 0.275074 0.629960 105.69382 0.35985096 0.0018647 11 0.361806
2009 06 09 20 50 36.000 0.275074 1.442700 97.37468 0.34338071 0.0025450 14 0.651725
2009 06 09 21 19 54.000 0.275074 1.442700 110.70360 0.36330590 0.0028549 25 0.609712
2009 06 09 21 39 27.000 0.181769 0.416276 95.62915 0.37529161 0.0022475 12 0.326133
2009 06 09 21 41 30.000 0.181769 0.953334 112.44038 0.37728521 0.0038450 23 0.411832
2009 06 09 21 51 06.000 0.275074 0.953334 108.35732 0.36028128 0.0022554 23 0.651751
2009 06 09 21 52 21.000 0.275074 0.629960 111.46465 0.36894282 0.0019810 17 0.408302
2009 06 09 22 08 30.000 0.275074 0.629960 108.43045 0.36508410 0.0021272 13 0.400273
2009 06 09 22 20 15.000 0.416276 0.953334 111.99761 0.35976812 0.0016681 11 0.547530
2009 06 09 22 37 48.000 0.181769 0.629960 95.37644 0.37915451 0.0037535 22 0.348837
2009 06 09 22 55 42.000 0.275074 0.629960 108.06720 0.36854657 0.0019940 13 0.468520
2009 06 09 23 26 36.000 0.275074 0.629960 99.16716 0.35667449 0.0024422 16 0.445487
2009 06 10 00 05 15.000 0.275074 0.629960 97.34400 0.35971462 0.0021598 18 0.414681
2009 06 10 00 39 21.000 0.629960 0.953334 111.53983 0.34500152 0.0007910 10 0.791647
2009 06 10 00 42 57.000 0.181769 0.629960 108.56145 0.37051418 0.0031699 13 0.269129
2009 06 10 00 44 48.000 0.181769 0.953334 105.04515 0.36038654 0.0044485 21 0.512401
2009 06 10 01 05 45.000 0.953334 2.183260 49.83178 0.34562902 0.0007923 12 1.607992
2009 06 10 01 06 33.000 0.953334 3.303980 49.77734 0.34450251 0.0011936 36 1.651381
2009 06 10 01 07 30.000 0.275074 0.953334 113.27749 0.35060299 0.0028519 17 0.528754
2009 06 10 01 07 30.000 0.953334 5.000000 50.14907 0.34439590 0.0015403 79 2.034890
2009 06 10 01 09 42.000 0.416276 5.000000 50.51902 0.34481773 0.0033524 100 2.011130
2009 06 10 01 11 27.000 0.953334 5.000000 50.92085 0.34452349 0.0017453 39 2.054560
2009 06 10 01 23 21.000 1.442700 3.303980 50.37028 0.34518759 0.0009237 15 2.309321
2009 06 10 01 24 57.000 0.629960 3.303980 49.63571 0.34204289 0.0030128 32 1.798983
2009 06 10 01 26 00.000 0.953334 5.000000 49.93146 0.34189618 0.0025289 22 2.145157
2009 06 10 01 26 54.000 0.629960 5.000000 50.14619 0.34305887 0.0043731 89 2.250398
2009 06 10 01 28 39.000 0.629960 2.183260 62.24883 0.34807042 0.0025074 12 1.437770
2009 06 10 01 29 39.000 0.416276 2.183260 66.76429 0.34782999 0.0038409 29 1.139198
2009 06 10 01 31 06.000 0.181769 1.442700 66.72574 0.35379755 0.0076116 59 0.724841
2009 06 10 01 32 39.000 0.181769 2.183260 65.82616 0.35174693 0.0095442 31 0.832061
2009 06 10 01 33 27.000 0.181769 3.303980 65.49062 0.34999589 0.0099123 100 0.888430
2009 06 10 01 34 24.000 0.120112 5.000000 65.71389 0.34778588 0.0149345 100 1.125208
2009 06 10 01 35 12.000 0.120112 3.303980 65.82042 0.34462808 0.0187554 100 0.826705
2009 06 10 01 35 45.000 0.120112 5.000000 65.88528 0.34669733 0.0226090 100 0.950267
2009 06 10 01 36 30.000 0.120112 5.000000 65.32388 0.34470170 0.0264023 100 1.127541
2009 06 10 01 37 09.000 0.120112 5.000000 65.65486 0.34531013 0.0262895 100 1.246513
2009 06 10 01 37 45.000 0.275074 5.000000 65.74850 0.34521890 0.0113760 100 1.723209
2009 06 10 01 38 36.000 0.275074 5.000000 65.95743 0.34618014 0.0080387 100 1.666313
2009 06 10 01 42 45.000 0.181769 1.442700 86.27772 0.35185570 0.0052888 14 0.356305
2009 06 10 01 55 06.000 0.275074 0.629960 105.95036 0.36717243 0.0025962 10 0.469885
2009 06 10 02 00 45.000 0.275074 0.629960 103.37116 0.36244508 0.0026405 10 0.363419
2009 06 10 02 05 57.000 0.416276 0.629960 112.01611 0.36343262 0.0011853 12 0.523118
2009 06 10 02 09 39.000 0.275074 0.629960 85.91873 0.32975753 0.0020938 14 0.434397
2009 06 10 02 17 09.000 0.275074 0.953334 104.80660 0.36040813 0.0029284 11 0.523548
2009 06 10 02 44 42.000 0.953334 3.303980 51.21556 0.34266065 0.0013395 14 1.947099
2009 06 10 03 00 57.000 0.275074 0.629960 86.93989 0.33593149 0.0029287 10 0.416652
2009 06 10 03 12 15.000 0.275074 0.953334 110.16316 0.36931526 0.0050331 18 0.538299
2009 06 10 03 25 51.000 0.181769 0.416276 91.96231 0.33421898 0.0071608 12 0.287048
2009 06 10 03 37 24.000 0.275074 0.629960 107.70208 0.37198700 0.0029245 14 0.447071
2009 06 10 06 59 18.000 1.442700 5.000000 12.74146 0.33952010 0.0010312 26 3.070538
2009 06 10 08 28 00.000 0.181769 0.629960 86.65827 0.34183986 0.0114090 12 0.316622
2009 06 10 09 16 24.000 0.416276 0.953334 129.27227 0.34671567 0.0013481 13 0.647054
2009 06 10 09 28 30.000 0.181769 0.629960 85.52645 0.35159522 0.0058119 11 0.405012
2009 06 10 09 40 21.000 0.275074 0.629960 85.73606 0.34481559 0.0016170 10 0.398908
2009 06 10 09 41 48.000 0.275074 1.442700 108.47887 0.33991187 0.0025164 16 0.744963
2009 06 10 10 50 36.000 0.275074 0.629960 102.51558 0.38446770 0.0015558 10 0.381164
2009 06 10 10 56 24.000 0.275074 0.629960 97.24308 0.36647248 0.0013800 15 0.428482
2009 06 10 11 09 42.000 0.275074 0.953334 101.19450 0.36660825 0.0016306 17 0.419018
2009 06 10 11 11 24.000 0.181769 0.416276 106.89523 0.37013336 0.0018793 23 0.264107
2009 06 10 11 22 21.000 0.181769 0.953334 106.52324 0.38078882 0.0024757 27 0.427234
2009 06 10 11 24 21.000 0.275074 0.953334 93.16983 0.36433812 0.0014633 24 0.441987
2009 06 10 11 26 27.000 0.275074 1.442700 118.76636 0.35638588 0.0019799 15 0.720831
2009 06 10 11 28 06.000 0.181769 0.629960 101.26920 0.34983071 0.0021100 25 0.348458
2009 06 10 11 31 42.000 0.181769 0.416276 109.25854 0.37718120 0.0016545 22 0.271059
2009 06 10 11 32 39.000 0.181769 0.629960 88.90407 0.35547965 0.0021189 14 0.320772
2009 06 10 11 37 15.000 0.181769 0.629960 89.58010 0.36057545 0.0020804 21 0.332088
2009 06 10 11 38 27.000 0.181769 0.416276 95.99179 0.36252817 0.0014870 14 0.295423
2009 06 10 11 41 27.000 0.181769 0.629960 112.41348 0.37412325 0.0026637 14 0.350197
2009 06 10 11 54 57.000 0.275074 0.629960 86.88912 0.34709635 0.0014241 12 0.404823
2009 06 10 11 55 36.000 0.275074 0.629960 79.62087 0.35703472 0.0014034 26 0.393448
2009 06 10 12 01 36.000 0.275074 1.442700 85.46191 0.34694007 0.0020688 16 0.638867
2009 06 10 12 08 36.000 0.181769 0.629960 89.93168 0.34683446 0.0020528 28 0.343860
2009 06 10 12 21 30.000 0.275074 5.000000 80.80779 0.34771299 0.0025869 16 0.722640
2009 06 10 12 24 30.000 0.181769 0.629960 108.74290 0.37813059 0.0023253 16 0.334975
2009 06 10 12 31 33.000 0.275074 0.629960 73.01238 0.34507687 0.0014816 12 0.478757
2009 06 10 12 39 24.000 0.275074 0.629960 101.95875 0.36552840 0.0014575 13 0.386623
2009 06 10 12 45 00.000 0.181769 0.416276 99.81649 0.38147163 0.0025289 16 0.257735
2009 06 10 12 49 12.000 0.181769 0.416276 95.52926 0.36508940 0.0023952 10 0.298774
2009 06 10 12 50 33.000 0.275074 0.953334 107.84197 0.36721542 0.0019663 19 0.504938
2009 06 10 12 51 39.000 0.181769 0.416276 101.29228 0.37818008 0.0020855 17 0.290497
2009 06 10 12 56 21.000 0.181769 0.629960 110.63508 0.38029141 0.0025341 22 0.362090
2009 06 10 13 06 39.000 0.181769 0.629960 103.23474 0.36820685 0.0023040 26 0.332506
2009 06 10 13 11 18.000 0.181769 0.416276 115.99544 0.36006493 0.0018805 14 0.328924
2009 06 10 13 13 33.000 0.181769 0.416276 91.27989 0.34435651 0.0018392 23 0.284499
2009 06 10 13 18 00.000 0.275074 0.629960 101.31509 0.37802915 0.0015542 12 0.404823
2009 06 10 13 18 54.000 0.181769 0.416276 95.35406 0.37554453 0.0018591 18 0.306590
2009 06 10 13 20 30.000 0.181769 0.953334 85.81504 0.34754920 0.0030285 16 0.433252
2009 06 10 13 20 48.000 0.181769 0.629960 102.40405 0.38083511 0.0027036 22 0.332706
2009 06 10 13 21 36.000 0.181769 0.416276 91.16683 0.34566656 0.0019798 17 0.276702
2009 06 10 13 22 12.000 0.120112 0.629960 102.08564 0.38882415 0.0036975 41 0.292933
2009 06 10 13 23 33.000 0.181769 0.629960 91.32863 0.35604674 0.0023992 29 0.299232
2009 06 10 13 24 00.000 0.120112 0.181769 103.19668 0.35654586 0.0010526 18 0.150941
2009 06 10 13 30 33.000 0.120112 1.442700 111.75209 0.36052669 0.0036457 19 0.432646
2009 06 10 13 32 24.000 0.275074 0.629960 115.63656 0.36213337 0.0016627 12 0.390036
2009 06 10 13 37 03.000 0.181769 0.953334 105.84779 0.37091460 0.0030498 35 0.388356
2009 06 10 13 37 51.000 0.181769 0.416276 111.35000 0.38858740 0.0016470 16 0.257735
2009 06 10 13 43 00.000 0.181769 0.953334 84.64980 0.34108256 0.0025857 10 0.366821
2009 06 10 13 46 45.000 0.181769 0.416276 96.96124 0.35881294 0.0016287 41 0.294198
2009 06 10 13 49 45.000 0.275074 0.629960 90.26346 0.34824529 0.0015377 17 0.460491
2009 06 10 13 56 33.000 0.416276 0.953334 77.27746 0.34295124 0.0011839 12 0.746892
2009 06 10 14 00 03.000 0.181769 0.629960 90.14510 0.35222398 0.0029571 35 0.329192
2009 06 10 14 02 18.000 0.181769 0.416276 88.40891 0.33941912 0.0017860 10 0.298774
2009 06 10 14 01 57.000 0.275074 0.953334 118.40689 0.36251330 0.0018209 16 0.612726
2009 06 10 14 05 24.000 0.181769 0.275074 93.75643 0.37095946 0.0012086 14 0.228421
2009 06 10 14 07 03.000 0.181769 0.629960 99.70633 0.36139070 0.0026589 17 0.394507
2009 06 10 14 11 06.000 0.181769 0.629960 89.23330 0.34370264 0.0027514 13 0.327876
2009 06 10 14 12 45.000 0.181769 0.416276 91.85029 0.37207423 0.0017431 15 0.283140
2009 06 10 14 13 27.000 0.181769 0.629960 109.75119 0.37220750 0.0025511 25 0.360120
2009 06 10 14 14 24.000 0.275074 0.953334 83.77157 0.32635157 0.0019251 10 0.585932
2009 06 10 14 26 03.000 0.181769 0.953334 88.69040 0.35265491 0.0028722 42 0.401669
2009 06 10 14 30 30.000 0.181769 0.275074 90.50972 0.32376123 0.0012399 10 0.228421
2009 06 10 14 32 15.000 0.275074 0.953334 86.55048 0.34493854 0.0017091 10 0.523591
2009 06 10 14 32 36.000 0.275074 0.953334 96.19329 0.36674760 0.0017753 13 0.468884
2009 06 10 14 34 27.000 0.181769 5.000000 104.99844 0.38978258 0.0033523 18 0.505024
2009 06 10 14 38 57.000 0.181769 0.629960 96.01148 0.35236367 0.0030839 13 0.409533
2009 06 10 14 40 09.000 0.181769 0.416276 95.26980 0.37026870 0.0017763 12 0.287048
2009 06 10 14 42 36.000 0.181769 0.629960 101.46209 0.38265086 0.0031336 12 0.370493
2009 06 10 14 44 15.000 0.275074 1.442700 110.05824 0.37974425 0.0024013 32 0.508535
2009 06 10 14 45 33.000 0.181769 0.629960 111.73954 0.38418155 0.0025850 17 0.352756
2009 06 10 14 49 09.000 0.275074 0.629960 100.43070 0.36166961 0.0014579 19 0.373692
2009 06 10 15 01 30.000 0.181769 0.629960 89.15177 0.35499504 0.0024816 21 0.399388
2009 06 10 15 07 36.000 0.181769 0.953334 91.21479 0.35453978 0.0034542 19 0.361928
2009 06 10 15 09 24.000 0.181769 0.416276 131.11292 0.34007884 0.0016799 12 0.326133
2009 06 10 15 11 27.000 0.181769 0.629960 84.97232 0.34181292 0.0022551 16 0.353199
2009 06 10 15 13 39.000 0.181769 0.629960 87.80432 0.34961266 0.0021664 14 0.291347
2009 06 10 15 25 39.000 0.275074 0.953334 70.83787 0.35231046 0.0017848 11 0.555810
2009 06 10 15 27 18.000 0.275074 0.629960 86.51211 0.34765866 0.0013906 11 0.394069
2009 06 10 15 30 24.000 0.275074 0.416276 89.97870 0.35202065 0.0010114 14 0.345675
2009 06 10 15 31 57.000 0.181769 0.953334 106.91598 0.36870832 0.0031466 24 0.440830
2009 06 10 15 37 03.000 0.181769 0.629960 83.56994 0.34361904 0.0026578 10 0.375457
2009 06 10 15 40 57.000 0.275074 0.629960 102.56672 0.37560876 0.0015500 14 0.396373
2009 06 10 15 43 33.000 0.275074 0.953334 83.48377 0.35611753 0.0018597 10 0.505847
2009 06 10 15 46 18.000 0.181769 0.629960 90.60372 0.35167538 0.0026092 21 0.393656
2009 06 10 15 49 24.000 0.181769 0.629960 97.85178 0.35420387 0.0024201 23 0.299929
2009 06 10 15 52 57.000 0.181769 0.629960 86.65391 0.35254069 0.0027102 17 0.404945
2009 06 10 15 55 36.000 0.181769 1.442700 89.08091 0.34302465 0.0037783 12 0.392406
2009 06 10 15 57 18.000 0.181769 0.629960 95.13164 0.36503914 0.0023936 20 0.284195
2009 06 10 16 03 42.000 0.120112 0.416276 210.96231 0.35444761 0.0040291 26 0.183800
2009 06 10 16 06 27.000 0.120112 0.416276 214.59486 0.34628489 0.0043491 45 0.176813
2009 06 10 16 15 18.000 0.275074 0.629960 79.68516 0.36115955 0.0017010 18 0.394965
2009 06 10 16 21 36.000 0.275074 0.629960 98.05986 0.36897618 0.0018512 12 0.375249
2009 06 10 16 35 54.000 0.275074 0.629960 91.19769 0.36202758 0.0017354 22 0.458593
2009 06 10 16 37 54.000 0.275074 0.953334 83.13851 0.34956652 0.0022540 18 0.538562
2009 06 10 16 45 54.000 0.416276 2.183260 85.66942 0.35891494 0.0018223 15 0.680717
2009 06 10 16 55 12.000 0.181769 0.953334 99.87062 0.36564678 0.0033403 24 0.344975
2009 06 10 16 59 48.000 0.275074 0.953334 86.76146 0.34450625 0.0023803 26 0.461877
2009 06 10 17 04 18.000 0.181769 0.629960 86.99689 0.34449979 0.0030693 22 0.329828
2009 06 10 17 09 42.000 0.181769 0.416276 109.86760 0.37767829 0.0022347 15 0.283140
2009 06 10 17 10 36.000 0.181769 0.629960 88.52610 0.33704772 0.0028892 24 0.350951
2009 06 10 17 17 24.000 0.181769 0.416276 112.01942 0.36606832 0.0021953 14 0.278673
2009 06 10 17 19 39.000 0.181769 0.416276 93.72861 0.36415592 0.0020751 15 0.283140
2009 06 10 17 33 57.000 0.181769 0.629960 95.23209 0.36295792 0.0030423 27 0.380880
2009 06 10 17 37 18.000 0.181769 0.953334 98.25413 0.37977533 0.0031408 18 0.377139
2009 06 10 17 41 09.000 0.181769 0.953334 83.17554 0.35660294 0.0035233 38 0.462952
2009 06 10 17 47 57.000 0.181769 0.416276 101.13692 0.38510540 0.0020295 11 0.281718
2009 06 10 17 55 12.000 0.181769 0.629960 88.44245 0.37679304 0.0032491 13 0.368584
2009 06 10 17 59 39.000 0.275074 1.442700 80.79910 0.35242765 0.0025253 13 0.726632
2009 06 10 18 08 36.000 0.181769 0.629960 98.43839 0.37108225 0.0030348 32 0.340521
2009 06 10 18 20 06.000 0.181769 1.442700 96.86673 0.36227303 0.0042300 35 0.419225
2009 06 10 18 30 18.000 0.181769 0.416276 99.72266 0.35064648 0.0021245 17 0.290497
2009 06 10 18 36 15.000 0.181769 0.416276 112.40766 0.37907904 0.0020694 11 0.239081
2009 06 10 18 38 33.000 0.181769 0.629960 108.61698 0.36726281 0.0028970 14 0.291347
2009 06 10 18 42 24.000 0.181769 3.303980 116.28073 0.36422934 0.0044779 12 0.506419
2009 06 10 18 47 54.000 0.181769 1.442700 87.12049 0.34564766 0.0039271 23 0.522490
2009 06 10 19 00 27.000 0.120112 0.953334 98.03411 0.36010865 0.0055793 46 0.394147
2009 06 10 19 09 21.000 0.275074 0.629960 114.61646 0.36905798 0.0018507 10 0.452141
2009 06 10 19 10 45.000 0.275074 0.629960 105.53645 0.38059889 0.0015800 11 0.361806
2009 06 10 19 12 42.000 0.181769 0.629960 111.98121 0.37001769 0.0029974 10 0.357713
2009 06 10 19 15 42.000 0.181769 0.416276 116.93501 0.35713835 0.0020273 10 0.322224
2009 06 10 19 16 24.000 0.953334 2.183260 53.32069 0.34678638 0.0006442 20 1.689987
2009 06 10 19 19 48.000 0.275074 0.953334 127.80290 0.34310781 0.0022003 13 0.564794
2009 06 10 19 20 33.000 0.181769 0.416276 104.82223 0.38808763 0.0020326 13 0.309597
2009 06 10 19 21 33.000 0.181769 0.629960 82.04378 0.34440127 0.0026170 29 0.362279
2009 06 10 19 29 48.000 0.181769 0.629960 112.20129 0.37841188 0.0029104 25 0.275448
2009 06 10 19 39 06.000 0.181769 0.416276 122.22379 0.37052725 0.0022319 10 0.298774
2009 06 10 19 39 48.000 0.181769 0.629960 95.85205 0.36047760 0.0026621 24 0.331409
2009 06 10 19 41 42.000 0.181769 0.416276 105.68125 0.36163712 0.0022808 25 0.280013
2009 06 10 19 47 33.000 0.181769 0.953334 127.98960 0.36199469 0.0035326 11 0.338393
2009 06 10 19 47 51.000 0.275074 0.953334 112.02933 0.36894839 0.0023675 15 0.547092
2009 06 10 19 54 12.000 0.275074 0.629960 105.68612 0.37822393 0.0020483 18 0.434397
2009 06 10 20 08 45.000 0.181769 0.629960 116.35503 0.36818829 0.0031346 12 0.311867
2009 06 10 20 14 45.000 1.442700 3.303980 52.66440 0.34772151 0.0005773 11 2.235998
2009 06 10 20 15 57.000 0.416276 3.303980 52.63257 0.34901149 0.0019693 67 1.679203
2009 06 10 20 21 57.000 0.275074 0.629960 110.94747 0.36565314 0.0016260 11 0.426331
2009 06 10 20 26 57.000 0.181769 0.629960 106.54771 0.39147898 0.0036658 17 0.363194
2009 06 10 20 28 06.000 0.181769 0.629960 108.64541 0.39209476 0.0027420 21 0.390938
2009 06 10 20 30 51.000 0.275074 0.629960 127.08866 0.36164458 0.0015652 12 0.449183
2009 06 10 20 34 48.000 0.629960 5.000000 336.47054 0.37227574 0.0025662 53 2.163581
2009 06 10 20 36 30.000 0.181769 0.953334 120.32155 0.38176531 0.0032564 34 0.427961
2009 06 10 20 38 18.000 0.181769 0.416276 102.71081 0.37837277 0.0018798 20 0.287048
2009 06 10 20 41 33.000 0.181769 0.629960 114.35329 0.38523298 0.0024544 21 0.354422
2009 06 10 20 46 27.000 0.416276 0.629960 90.22173 0.35595583 0.0008828 10 0.523118
2009 06 10 20 50 00.000 0.181769 0.629960 107.16844 0.37347741 0.0026289 14 0.392297
2009 06 10 20 55 30.000 0.181769 0.629960 95.12589 0.36550307 0.0029986 16 0.305467
2009 06 10 20 56 24.000 0.181769 0.953334 112.19915 0.35943018 0.0032245 15 0.311335
2009 06 10 20 59 21.000 0.181769 0.629960 116.37048 0.38289774 0.0028634 16 0.364289
2009 06 10 21 01 27.000 0.181769 0.629960 93.09562 0.36157692 0.0025313 17 0.338962
2009 06 10 21 03 51.000 0.181769 0.416276 122.05422 0.37869669 0.0023390 23 0.274303
2009 06 10 21 06 36.000 0.181769 0.629960 109.36243 0.37353461 0.0027010 26 0.411728
2009 06 10 21 10 45.000 0.181769 0.629960 101.14025 0.37427104 0.0023615 17 0.294221
2009 06 10 21 13 33.000 0.120112 0.629960 106.00883 0.36661684 0.0040710 21 0.310923
2009 06 10 21 13 42.000 0.120112 0.416276 91.50002 0.32749125 0.0033049 13 0.216660
2009 06 10 21 14 54.000 0.181769 0.416276 115.72351 0.37952485 0.0020740 13 0.255480
2009 06 10 21 17 18.000 0.275074 0.629960 99.09543 0.36475168 0.0017921 12 0.375249
2009 06 10 21 18 48.000 0.275074 0.629960 107.15144 0.38139798 0.0018927 14 0.485095
2009 06 10 21 21 57.000 0.181769 0.629960 104.10115 0.35707685 0.0027011 21 0.317906
2009 06 10 21 29 06.000 0.181769 0.953334 103.62503 0.37372015 0.0034210 24 0.329228
2009 06 10 21 30 42.000 0.181769 0.629960 85.32312 0.34141486 0.0033086 32 0.331409
2009 06 10 21 32 00.000 0.275074 0.953334 103.29298 0.37785593 0.0023213 12 0.515922
2009 06 10 21 34 03.000 0.181769 0.416276 116.19987 0.37556880 0.0023679 10 0.322224
2009 06 10 21 40 48.000 0.275074 0.953334 86.34695 0.34077396 0.0021892 18 0.577994
2009 06 10 21 44 39.000 0.181769 0.416276 96.82682 0.35727972 0.0027948 22 0.281718
2009 06 10 21 51 06.000 0.181769 0.416276 104.10217 0.37073710 0.0029694 14 0.245172
2009 06 10 21 54 36.000 0.181769 0.953334 105.79102 0.36614193 0.0038358 11 0.429424
2009 06 10 21 54 27.000 0.275074 0.629960 90.67555 0.33557035 0.0019673 10 0.398908
2009 06 10 21 58 15.000 0.953334 2.183260 45.79000 0.34749333 0.0007229 13 1.529151
2009 06 10 21 58 48.000 0.629960 3.303980 45.87860 0.34848327 0.0015953 17 1.578965
2009 06 10 21 59 15.000 0.181769 0.416276 122.50371 0.36152024 0.0028146 17 0.276702
2009 06 10 21 59 21.000 0.953334 3.303980 46.28585 0.34684804 0.0012153 14 1.704921
2009 06 10 22 00 09.000 0.953334 3.303980 46.70390 0.34740923 0.0012673 14 1.814151
2009 06 10 22 00 03.000 0.181769 0.416276 98.41401 0.36521237 0.0028592 18 0.293562
2009 06 10 22 00 33.000 0.953334 3.303980 46.00632 0.34781503 0.0013842 66 1.693093
2009 06 10 22 02 33.000 0.181769 0.416276 106.70217 0.36560599 0.0030184 11 0.303037
2009 06 10 22 03 21.000 1.442700 3.303980 45.49762 0.34754743 0.0007316 18 2.174896
2009 06 10 22 05 42.000 0.181769 0.953334 89.17774 0.35795258 0.0041457 26 0.395179
2009 06 10 22 08 21.000 0.181769 0.629960 122.80523 0.37069584 0.0029768 17 0.273346
2009 06 10 22 08 54.000 0.275074 0.953334 85.38412 0.31672549 0.0023892 17 0.476287
2009 06 10 22 09 15.000 0.181769 0.416276 104.25481 0.37387879 0.0023079 24 0.277277
2009 06 10 22 10 24.000 0.120112 0.416276 110.41865 0.36320466 0.0036519 13 0.216660
2009 06 10 22 12 54.000 0.181769 0.953334 118.29312 0.37817741 0.0037680 23 0.398678
2009 06 10 22 16 57.000 0.275074 0.953334 117.43986 0.36554225 0.0025486 12 0.456774
2009 06 10 22 24 45.000 0.181769 0.629960 112.91454 0.36256509 0.0042341 22 0.313839
2009 06 10 22 42 48.000 0.181769 0.416276 101.20074 0.38544886 0.0024555 13 0.264499
2009 06 10 22 43 03.000 0.181769 0.416276 91.01574 0.35826347 0.0026202 11 0.303037
2009 06 10 22 43 27.000 0.181769 0.629960 113.55619 0.37995466 0.0034566 27 0.348251
2009 06 10 22 45 21.000 0.275074 0.953334 103.48004 0.35107890 0.0029055 18 0.409883
2009 06 10 22 47 09.000 0.181769 0.416276 108.91147 0.38308805 0.0025467 19 0.271620
2009 06 10 22 48 27.000 0.181769 0.629960 102.26639 0.37577032 0.0037543 51 0.321626
2009 06 10 23 07 33.000 0.181769 0.953334 104.22202 0.36803693 0.0061064 26 0.450845
2009 06 10 23 13 36.000 0.181769 0.416276 107.02019 0.37552298 0.0035447 16 0.301705
2009 06 10 23 26 45.000 0.629960 3.303980 26.43184 0.34367733 0.0024302 11 2.227753
2009 06 10 23 27 33.000 0.953334 5.000000 27.95301 0.34219712 0.0014191 32 2.659987
