2009 06 01 01 56 00.000 0.953334 3.303980 161.80401 0.36458981 0.0039572 12 1.506864
2009 06 01 01 57 30.000 0.953334 5.000000 159.88074 0.34797248 0.0055532 57 1.997581
2009 06 01 01 59 03.000 0.629960 5.000000 159.11903 0.34804371 0.0163345 48 1.889196
2009 06 01 02 53 51.000 1.442700 5.000000 87.64788 0.33755266 0.0023250 20 2.699570
2009 06 01 02 56 33.000 0.629960 5.000000 158.43091 0.34730623 0.0064556 46 2.113579
2009 06 01 02 58 09.000 0.416276 5.000000 156.61579 0.34777787 0.0150196 100 1.760154
2009 06 01 02 59 18.000 0.629960 5.000000 156.41125 0.34843107 0.0078608 14 1.791392
2009 06 01 02 59 42.000 0.416276 5.000000 155.95951 0.34892172 0.0295160 100 1.607972
2009 06 01 03 01 00.000 0.629960 2.183260 154.01310 0.35163681 0.0056271 42 1.174730
2009 06 01 04 05 30.000 1.442700 5.000000 96.50708 0.34117169 0.0030384 26 2.890614
2009 06 01 04 10 18.000 0.953334 5.000000 104.99706 0.34591786 0.0041938 29 2.951331
2009 06 01 04 17 45.000 0.953334 3.303980 105.40870 0.35199166 0.0025303 11 2.293394
2009 06 01 04 36 24.000 0.953334 2.183260 27.57898 0.34754100 0.0021981 14 1.461573
2009 06 01 04 49 06.000 1.442700 5.000000 106.62095 0.34677171 0.0018601 25 3.083614
2009 06 01 06 07 48.000 0.416276 5.000000 159.57977 0.34790603 0.0059936 100 1.701654
2009 06 01 06 08 45.000 0.629960 3.303980 159.62744 0.34802648 0.0029421 28 1.542946
2009 06 01 06 09 30.000 0.275074 5.000000 158.37544 0.34724127 0.0151547 100 1.448864
2009 06 01 06 10 21.000 0.416276 5.000000 157.61557 0.34708764 0.0081227 73 2.189577
2009 06 01 06 11 15.000 0.275074 5.000000 157.81615 0.34835426 0.0331780 100 1.666022
2009 06 01 06 12 03.000 0.275074 5.000000 156.73777 0.34848161 0.0157612 100 1.742445
2009 06 01 06 12 51.000 0.416276 5.000000 155.83358 0.34789444 0.0193913 70 1.895690
2009 06 01 09 05 15.000 1.442700 5.000000 98.20242 0.33970153 0.0027824 15 3.432708
2009 06 01 09 11 51.000 1.442700 5.000000 61.19792 0.33709985 0.0019334 21 2.858547
2009 06 01 09 49 51.000 2.183260 5.000000 336.84329 0.34038113 0.0013373 12 3.095712
2009 06 01 09 58 24.000 0.953334 5.000000 96.14535 0.34091775 0.0029169 35 2.486594
2009 06 01 10 02 48.000 0.629960 5.000000 338.25431 0.33779117 0.0041838 16 2.280359
2009 06 01 13 16 03.000 0.953334 5.000000 23.92805 0.34090449 0.0014668 19 2.344549
2009 06 01 13 19 09.000 1.442700 3.303980 23.50061 0.34010445 0.0010064 12 2.433407
2009 06 01 13 22 45.000 0.275074 0.953334 119.84606 0.35088582 0.0030762 21 0.515119
2009 06 01 13 30 54.000 0.629960 5.000000 23.95900 0.34385211 0.0021997 32 1.923120
2009 06 01 13 36 06.000 0.953334 5.000000 23.43417 0.33912894 0.0019083 32 2.630905
2009 06 01 13 39 27.000 0.953334 5.000000 23.30995 0.34024423 0.0024085 29 2.689580
2009 06 01 13 40 51.000 1.442700 5.000000 23.12884 0.33971638 0.0010946 18 2.616433
2009 06 01 14 43 24.000 2.183260 5.000000 173.41014 0.34446573 0.0011611 19 3.781366
2009 06 01 19 38 30.000 0.120112 0.181769 14.36006 0.36537729 0.0697406 10 0.150941
2009 06 02 00 42 36.000 0.181769 0.629960 142.32303 0.34685467 0.0038459 12 0.400067
2009 06 02 01 04 33.000 2.183260 5.000000 163.84074 0.34548885 0.0008626 11 3.639855
2009 06 02 01 05 57.000 0.953334 5.000000 162.18359 0.34553768 0.0033052 51 2.202429
2009 06 02 01 06 54.000 1.442700 3.303980 161.13208 0.34497117 0.0010194 11 2.489809
2009 06 02 01 26 24.000 0.953334 5.000000 85.48246 0.34043730 0.0018232 23 2.353798
2009 06 02 01 27 54.000 0.629960 5.000000 85.05428 0.33837200 0.0041603 40 1.547283
2009 06 02 01 29 09.000 1.442700 5.000000 85.21164 0.33849859 0.0013753 12 2.747757
2009 06 02 01 32 45.000 0.953334 5.000000 223.33962 0.33390097 0.0013941 11 2.212537
2009 06 02 01 38 06.000 0.629960 5.000000 287.75882 0.33681468 0.0030862 35 1.955321
2009 06 02 01 38 30.000 0.629960 5.000000 287.71271 0.33665003 0.0037435 16 2.303857
2009 06 02 01 56 09.000 0.953334 5.000000 160.49532 0.34539970 0.0017017 71 2.303377
2009 06 02 01 57 42.000 0.416276 5.000000 159.13044 0.34542808 0.0094409 100 1.505998
2009 06 02 01 58 39.000 0.416276 5.000000 158.72535 0.34560371 0.0096752 62 2.045241
2009 06 02 01 59 21.000 0.629960 5.000000 158.19419 0.34581040 0.0034075 16 1.909212
2009 06 02 01 59 30.000 0.120112 5.000000 157.66881 0.34380935 0.0487366 100 1.133463
2009 06 02 02 00 09.000 0.120112 5.000000 157.86691 0.34576935 0.0516519 100 1.387330
2009 06 02 02 00 45.000 0.275074 5.000000 157.17454 0.34682266 0.0146263 100 1.681375
2009 06 02 02 01 36.000 0.416276 5.000000 156.98984 0.35229657 0.0103768 92 1.683011
2009 06 02 02 08 15.000 0.181769 2.183260 147.61826 0.35153039 0.0048472 36 0.683859
2009 06 02 02 23 18.000 0.181769 0.953334 140.36419 0.36390054 0.0048594 39 0.479137
2009 06 02 02 28 15.000 0.275074 0.629960 143.02920 0.35031933 0.0025894 10 0.434396
2009 06 02 02 40 48.000 0.181769 0.953334 138.31485 0.34987043 0.0037299 26 0.387166
2009 06 02 02 57 45.000 0.629960 5.000000 159.19820 0.34736480 0.0029645 70 2.222099
2009 06 02 02 59 21.000 0.275074 5.000000 158.98700 0.34671133 0.0113947 98 1.601433
2009 06 02 03 00 18.000 0.079370 3.303980 158.37238 0.34564641 0.0157445 100 0.760891
2009 06 02 03 01 30.000 0.275074 5.000000 158.30117 0.34905605 0.0161605 100 1.394073
2009 06 02 03 02 42.000 0.629960 3.303980 158.05614 0.35030288 0.0024305 62 1.386850
2009 06 02 03 17 09.000 0.120112 0.275074 248.16601 0.45507150 0.0019646 11 0.179115
2009 06 02 03 21 09.000 0.181769 0.629960 142.33871 0.35751914 0.0024749 16 0.397559
2009 06 02 03 23 48.000 1.442700 5.000000 41.00304 0.34004112 0.0009289 18 2.928025
2009 06 02 03 30 15.000 0.275074 0.953334 142.78484 0.34938152 0.0026068 19 0.425182
2009 06 02 03 34 45.000 1.442700 3.303980 40.86740 0.33926937 0.0009345 10 2.557492
2009 06 02 03 37 27.000 0.181769 0.629960 146.66383 0.35918992 0.0045950 25 0.343392
2009 06 02 05 11 30.000 0.275074 5.000000 99.74898 0.33248189 0.0121787 67 1.569607
2009 06 02 05 12 42.000 0.629960 5.000000 358.09968 0.34050975 0.0029855 30 1.618679
2009 06 02 05 15 54.000 0.629960 5.000000 157.55992 0.35026869 0.0060643 100 2.135508
2009 06 02 05 17 03.000 0.416276 5.000000 156.32322 0.34910763 0.0158449 100 1.898213
2009 06 02 05 18 18.000 0.275074 5.000000 155.53147 0.34801956 0.0198029 100 1.750878
2009 06 02 05 19 27.000 0.416276 5.000000 155.39675 0.34793128 0.0274037 100 1.795054
2009 06 02 05 20 18.000 0.416276 5.000000 155.40833 0.34996311 0.0143565 100 1.676673
2009 06 02 05 21 24.000 0.416276 5.000000 155.59383 0.35073025 0.0106748 74 1.874955
2009 06 02 05 34 33.000 0.953334 5.000000 359.75262 0.34323227 0.0022654 13 2.845218
2009 06 02 05 58 36.000 0.629960 2.183260 291.96098 0.47724658 0.0035095 11 1.032266
2009 06 02 06 06 18.000 0.629960 5.000000 155.66084 0.35081855 0.0070289 54 2.028623
2009 06 02 06 07 09.000 0.629960 1.442700 160.17072 0.35499558 0.0026556 12 1.062560
2009 06 02 06 07 51.000 0.416276 5.000000 155.09953 0.34903167 0.0243239 100 1.824130
2009 06 02 06 08 54.000 0.275074 5.000000 155.83543 0.35063161 0.0289186 100 1.544306
2009 06 02 06 10 09.000 0.275074 5.000000 154.86768 0.35138415 0.0368240 100 1.523706
2009 06 02 06 11 09.000 0.416276 5.000000 154.03139 0.35294136 0.0112507 100 1.916753
2009 06 02 06 12 03.000 0.629960 5.000000 155.21165 0.35360735 0.0089618 45 2.105734
2009 06 02 07 27 45.000 1.442700 5.000000 246.20721 0.30703009 0.0022311 16 3.243452
2009 06 02 07 38 45.000 0.953334 5.000000 279.97543 0.34285181 0.0051394 45 2.496250
2009 06 02 07 56 48.000 0.275074 5.000000 264.62020 0.34908548 0.1748444 82 1.503585
2009 06 02 08 57 06.000 0.629960 5.000000 277.17474 0.34500025 0.0068389 49 2.058746
2009 06 02 09 00 54.000 0.953334 3.303980 276.96477 0.33937726 0.0033745 30 1.866686
2009 06 02 09 09 12.000 0.629960 5.000000 278.92988 0.34010279 0.0052629 22 2.993699
2009 06 02 09 11 42.000 0.953334 2.183260 256.70916 0.33945763 0.0022849 20 1.505498
2009 06 02 09 13 06.000 1.442700 3.303980 252.29309 0.34404290 0.0016118 25 2.185236
2009 06 02 09 17 06.000 0.629960 3.303980 253.20542 0.34333111 0.0044312 23 1.452850
2009 06 02 09 22 12.000 0.953334 3.303980 250.65393 0.34670685 0.0028833 21 2.182542
2009 06 02 09 23 18.000 0.953334 3.303980 251.79215 0.34165158 0.0030910 13 1.861546
2009 06 02 09 24 48.000 0.629960 2.183260 254.00434 0.33825894 0.0045388 16 1.403230
2009 06 02 09 32 45.000 0.953334 3.303980 249.62248 0.34499600 0.0035612 27 1.551355
2009 06 02 09 36 48.000 0.953334 3.303980 253.27170 0.34197370 0.0032847 20 1.706591
2009 06 02 09 38 33.000 0.629960 2.183260 252.79496 0.33889142 0.0035847 29 1.382048
2009 06 02 09 40 24.000 0.629960 3.303980 247.92661 0.34317286 0.0038323 21 1.663022
2009 06 02 09 41 27.000 0.953334 3.303980 251.01079 0.34367016 0.0027853 19 1.619644
2009 06 02 09 42 30.000 0.953334 2.183260 250.38064 0.34223273 0.0017566 15 1.444002
2009 06 02 09 46 12.000 0.629960 5.000000 253.17225 0.34029206 0.0043310 22 1.212470
2009 06 02 09 49 51.000 0.629960 5.000000 310.72543 0.33580499 0.0063196 39 2.357456
2009 06 02 10 01 21.000 0.953334 2.183260 257.59775 0.34305596 0.0017667 12 1.403005
2009 06 02 10 05 51.000 0.629960 2.183260 278.04283 0.34138437 0.0032475 11 1.366717
2009 06 02 10 13 09.000 0.953334 2.183260 246.41974 0.34321671 0.0016178 10 1.505498
2009 06 02 10 13 51.000 1.442700 3.303980 260.93969 0.33991993 0.0020357 12 2.200747
2009 06 02 10 14 45.000 0.629960 5.000000 307.31841 0.34057753 0.0048529 38 2.289352
2009 06 02 10 15 30.000 1.442700 5.000000 260.53418 0.34043091 0.0024417 18 2.434786
2009 06 02 10 16 42.000 0.953334 2.183260 245.46691 0.34347636 0.0020769 10 1.444002
2009 06 02 10 19 21.000 1.442700 5.000000 258.04567 0.34129872 0.0020278 17 2.526106
2009 06 02 10 20 24.000 0.953334 5.000000 324.03030 0.33563888 0.0028782 20 2.871975
2009 06 02 10 23 00.000 0.953334 2.183260 222.14043 0.33876439 0.0021804 14 1.417647
2009 06 02 10 25 00.000 0.629960 3.303980 246.92879 0.34336920 0.0045934 18 1.620491
2009 06 02 10 27 48.000 0.629960 5.000000 245.65406 0.34472403 0.0048554 47 1.713483
2009 06 02 10 28 48.000 0.953334 3.303980 334.12356 0.33274701 0.0029534 15 1.876115
2009 06 02 10 29 18.000 0.629960 3.303980 247.32682 0.34371391 0.0042781 45 1.489434
2009 06 02 10 31 51.000 0.629960 2.183260 247.45402 0.34160674 0.0037061 14 1.403520
2009 06 02 10 34 03.000 0.629960 1.442700 303.56473 0.33581810 0.0020334 12 1.062560
2009 06 02 10 34 24.000 1.442700 5.000000 247.38293 0.34439583 0.0020867 11 2.958514
2009 06 02 10 36 06.000 0.629960 2.183260 242.41332 0.34164598 0.0033623 21 1.111710
2009 06 02 10 36 54.000 0.953334 5.000000 308.85984 0.33794857 0.0035576 13 2.436156
2009 06 02 10 45 06.000 0.953334 2.183260 239.92673 0.34358021 0.0019196 14 1.417647
2009 06 02 10 45 45.000 0.416276 0.953334 311.66451 0.33736240 0.0041281 20 0.670809
2009 06 02 10 45 45.000 0.953334 1.442700 326.90609 0.32407966 0.0016619 10 1.198017
2009 06 02 10 48 09.000 0.629960 5.000000 318.17629 0.33489614 0.0070529 26 2.291283
2009 06 02 10 50 09.000 0.953334 3.303980 247.64369 0.34431061 0.0041606 13 2.147896
2009 06 02 10 50 42.000 0.953334 5.000000 238.45159 0.34278792 0.0043786 31 2.567756
2009 06 02 10 53 42.000 0.953334 3.303980 247.20802 0.34425977 0.0029930 21 2.064625
2009 06 02 10 54 48.000 1.442700 5.000000 251.58475 0.33955454 0.0025922 23 2.787320
2009 06 02 11 02 30.000 1.442700 5.000000 243.03623 0.34152354 0.0035182 25 2.896494
2009 06 02 11 03 51.000 1.442700 3.303980 239.51388 0.34250537 0.0018748 10 2.185236
2009 06 02 11 07 42.000 0.953334 3.303980 243.54732 0.34122547 0.0047108 11 1.870376
2009 06 02 11 09 00.000 1.442700 5.000000 241.01869 0.34216400 0.0032020 24 2.805405
2009 06 02 23 41 33.000 2.183260 5.000000 279.58293 0.34151352 0.0006080 12 3.565169
2009 06 02 23 45 03.000 2.183260 5.000000 279.19931 0.34193744 0.0005496 14 3.649001
2009 06 03 00 12 09.000 3.303980 5.000000 280.00538 0.34019953 0.0003834 10 4.151990
2009 06 03 00 43 30.000 2.183260 5.000000 280.38865 0.34296004 0.0005909 19 3.707242
2009 06 03 00 53 21.000 2.183260 5.000000 279.71364 0.34030424 0.0006518 13 3.826982
2009 06 03 01 03 12.000 2.183260 5.000000 279.93508 0.34073234 0.0006017 12 3.917262
2009 06 03 01 15 15.000 2.183260 5.000000 278.74675 0.34138448 0.0005637 16 3.535828
2009 06 03 01 26 12.000 2.183260 5.000000 279.30273 0.34080068 0.0005936 17 3.572073
2009 06 03 01 32 57.000 1.442700 5.000000 282.76355 0.34303246 0.0017489 32 2.907840
2009 06 03 01 35 18.000 1.442700 5.000000 284.45507 0.34457618 0.0008156 10 2.793875
2009 06 03 01 35 45.000 0.953334 5.000000 282.00324 0.34231526 0.0028003 13 2.544493
2009 06 03 01 37 06.000 0.953334 5.000000 283.20824 0.34276998 0.0028807 38 2.212125
2009 06 03 01 39 36.000 0.953334 5.000000 282.70458 0.34424840 0.0026806 35 2.139978
2009 06 03 01 44 24.000 1.442700 5.000000 283.00832 0.34370148 0.0010055 15 3.120840
2009 06 03 01 44 45.000 1.442700 5.000000 282.50086 0.34282948 0.0010894 12 3.175334
2009 06 03 01 54 42.000 0.953334 5.000000 284.06001 0.34343249 0.0020392 43 2.528030
2009 06 03 01 56 54.000 0.953334 5.000000 282.95206 0.34197804 0.0030917 43 2.108507
2009 06 03 02 27 42.000 0.953334 5.000000 282.52774 0.34404155 0.0025554 39 2.509437
2009 06 03 02 30 06.000 1.442700 5.000000 284.27262 0.34346432 0.0019485 32 3.010016
2009 06 03 02 32 06.000 0.953334 5.000000 283.87579 0.34167834 0.0025994 42 2.722130
2009 06 03 03 14 45.000 1.442700 5.000000 283.01205 0.34275386 0.0017165 12 2.357922
2009 06 03 04 57 51.000 0.275074 5.000000 24.53437 0.34431910 0.0130760 100 1.703119
2009 06 03 04 58 39.000 0.629960 5.000000 23.36819 0.34948256 0.0025713 47 2.112435
2009 06 03 05 32 03.000 0.953334 5.000000 197.67588 0.35258485 0.0017333 53 2.313396
2009 06 03 05 35 36.000 0.953334 5.000000 4.41091 0.34443199 0.0012133 21 2.436551
2009 06 03 05 42 48.000 1.442700 3.303980 46.44761 0.34482689 0.0008147 11 2.151395
2009 06 03 05 45 39.000 0.629960 2.183260 227.89921 0.34154964 0.0010841 11 1.310812
2009 06 03 05 58 45.000 0.416276 5.000000 4.37401 0.34310605 0.0027070 33 2.134194
2009 06 03 06 04 36.000 0.181769 0.416276 158.21231 0.34412572 0.0017395 14 0.312174
2009 06 03 06 05 21.000 0.416276 5.000000 306.08944 0.34256514 0.0026852 46 2.166305
2009 06 03 06 15 57.000 0.953334 2.183260 304.85676 0.34307548 0.0010077 13 1.339932
2009 06 03 06 22 15.000 2.183260 5.000000 282.96887 0.34837282 0.0006219 10 3.588642
2009 06 03 06 31 18.000 0.275074 0.416276 194.84510 0.33833650 0.0013101 12 0.345675
2009 06 03 06 34 42.000 0.629960 2.183260 160.01004 0.35135808 0.0015760 31 1.146629
2009 06 03 06 35 21.000 0.629960 5.000000 308.57638 0.34432461 0.0030704 31 1.798437
2009 06 03 06 46 30.000 0.953334 5.000000 347.42026 0.34503782 0.0013233 25 2.566615
2009 06 03 06 57 39.000 0.953334 3.303980 348.85638 0.34021746 0.0012272 17 1.905826
2009 06 03 06 58 00.000 0.629960 3.303980 287.44565 0.33744611 0.0026130 22 1.918782
2009 06 03 06 58 57.000 1.442700 5.000000 74.56807 0.33965538 0.0010041 15 3.244925
2009 06 03 07 01 09.000 0.953334 2.183260 86.21203 0.34431602 0.0006863 17 1.487411
2009 06 03 07 09 15.000 0.629960 5.000000 47.53829 0.35701595 0.0018069 31 2.048180
2009 06 03 07 14 30.000 0.629960 3.303980 348.48593 0.34112099 0.0017491 29 1.467808
2009 06 03 07 16 06.000 0.275074 5.000000 349.04349 0.34077996 0.0035361 48 2.007477
2009 06 03 07 22 18.000 0.953334 5.000000 100.14237 0.33969968 0.0023236 39 2.373720
2009 06 03 07 23 09.000 1.442700 5.000000 264.17044 0.34736036 0.0049511 10 2.046881
2009 06 03 07 23 12.000 2.183260 5.000000 291.07666 0.34561988 0.0036871 16 3.447805
2009 06 03 08 08 48.000 1.442700 5.000000 173.06966 0.34160811 0.0021394 17 3.159306
2009 06 03 08 12 00.000 1.442700 5.000000 173.06452 0.33975459 0.0021633 30 2.824896
2009 06 03 08 13 57.000 0.629960 5.000000 171.98923 0.34078973 0.0037589 41 2.189675
2009 06 03 08 14 33.000 1.442700 3.303980 45.22411 0.33981358 0.0014053 12 2.278300
2009 06 03 08 16 36.000 1.442700 5.000000 36.19978 0.34491476 0.0016269 15 2.497104
2009 06 03 08 16 57.000 0.629960 5.000000 170.61177 0.34015261 0.0046112 52 2.209977
2009 06 03 08 17 39.000 0.953334 3.303980 55.60259 0.33969185 0.0018484 21 2.286206
2009 06 03 08 19 45.000 0.629960 5.000000 169.32118 0.33940865 0.0043374 52 2.095619
2009 06 03 08 21 24.000 0.953334 5.000000 62.84156 0.34202072 0.0015494 16 1.961217
2009 06 03 08 40 24.000 0.629960 5.000000 63.38230 0.34358866 0.0022868 39 2.337112
2009 06 03 08 43 00.000 0.953334 5.000000 63.89989 0.34379412 0.0014449 38 2.326923
2009 06 03 08 51 30.000 1.442700 5.000000 63.62368 0.34206819 0.0010289 15 3.090646
2009 06 03 08 54 27.000 0.275074 5.000000 63.71595 0.34011714 0.0033270 45 2.272483
2009 06 03 08 56 57.000 1.442700 3.303980 199.51586 0.33796517 0.0006949 10 2.092172
2009 06 03 08 59 24.000 0.953334 3.303980 49.36562 0.34813353 0.0010440 15 1.959203
2009 06 03 09 03 15.000 0.953334 3.303980 53.23384 0.34578802 0.0011076 27 1.723089
2009 06 03 09 03 18.000 0.052448 0.181769 241.76785 0.34779040 0.0030026 18 0.118787
2009 06 03 09 04 15.000 0.034657 0.052448 231.62934 0.35126894 0.0026163 32 0.043552
2009 06 03 09 06 48.000 0.034657 0.052448 233.49682 0.42683723 0.0025709 13 0.043552
2009 06 03 09 07 15.000 1.442700 5.000000 57.42010 0.34161354 0.0009638 12 2.980417
2009 06 03 09 08 42.000 0.953334 5.000000 48.74113 0.34980044 0.0016712 14 2.136720
2009 06 03 09 08 09.000 0.034657 0.120112 235.95651 0.46555678 0.0029038 14 0.063577
2009 06 03 09 10 12.000 0.052448 0.120112 265.01982 0.35941160 0.0018926 30 0.072675
2009 06 03 09 13 54.000 0.953334 5.000000 46.22336 0.35076626 0.0015006 40 2.480083
2009 06 03 09 14 42.000 0.953334 3.303980 55.47459 0.34268032 0.0009963 19 1.782339
2009 06 03 09 16 33.000 0.953334 5.000000 54.32896 0.34579851 0.0015386 50 2.446536
2009 06 03 09 17 18.000 0.953334 5.000000 53.05399 0.34467638 0.0016048 15 2.012097
2009 06 03 09 22 27.000 0.629960 5.000000 53.51054 0.34712208 0.0021504 64 2.078010
2009 06 03 09 26 54.000 0.953334 3.303980 55.63214 0.34957835 0.0010598 15 1.527090
2009 06 03 09 28 21.000 2.183260 5.000000 281.52322 0.34364396 0.0007543 23 3.723356
2009 06 03 09 29 15.000 2.183260 5.000000 280.68290 0.34295878 0.0008392 15 3.400859
2009 06 03 09 31 57.000 1.442700 5.000000 57.23983 0.34524233 0.0009445 15 2.621189
2009 06 03 09 32 33.000 0.953334 3.303980 55.49109 0.34550548 0.0012064 32 1.882547
2009 06 03 09 34 18.000 0.953334 3.303980 53.53048 0.34887278 0.0011884 20 1.861151
2009 06 03 09 34 36.000 0.079370 0.120112 265.02832 0.47876888 0.0018495 11 0.099741
2009 06 03 09 35 15.000 0.275074 0.953334 78.75881 0.36795365 0.0020850 10 0.568188
2009 06 03 09 35 45.000 0.953334 3.303980 55.07541 0.35177699 0.0012025 25 1.715897
2009 06 03 09 37 27.000 0.079370 0.120112 266.48123 0.46555022 0.0012605 17 0.099741
2009 06 03 09 38 30.000 0.953334 5.000000 56.40373 0.34422455 0.0014263 39 2.126784
2009 06 03 09 41 48.000 0.953334 3.303980 56.26992 0.34168810 0.0011471 11 2.180092
2009 06 03 09 41 45.000 0.052448 0.120112 247.54735 0.36592926 0.0023296 14 0.080408
2009 06 03 09 42 45.000 0.629960 5.000000 53.37271 0.34709643 0.0017091 34 2.123024
2009 06 03 09 46 12.000 0.034657 0.181769 264.64689 0.34031255 0.0047677 26 0.092594
2009 06 03 09 46 24.000 0.953334 5.000000 56.21939 0.34294967 0.0016154 29 2.549474
2009 06 03 09 46 36.000 0.079370 0.275074 237.03108 0.38306274 0.0029293 30 0.121973
2009 06 03 09 48 45.000 0.629960 3.303980 55.65324 0.34348932 0.0017942 37 1.674283
2009 06 03 09 49 18.000 0.079370 0.275074 248.55915 0.37361398 0.0027845 16 0.151026
2009 06 03 09 49 24.000 0.629960 5.000000 54.36810 0.34407666 0.0020305 63 1.961688
2009 06 03 09 50 51.000 0.120112 0.275074 212.48817 0.34262972 0.0018721 22 0.165028
2009 06 03 09 51 57.000 0.022901 0.034657 297.40154 0.32339590 0.0031678 10 0.028779
2009 06 03 09 52 00.000 0.052448 0.120112 254.17531 0.41143290 0.0024246 20 0.077750
2009 06 03 09 52 27.000 0.629960 5.000000 55.23680 0.34195741 0.0016917 54 2.272911
2009 06 03 09 53 15.000 0.629960 5.000000 53.47694 0.34459436 0.0022842 27 1.917490
2009 06 03 09 52 48.000 0.052448 0.120112 264.20011 0.33316806 0.0021487 29 0.084575
2009 06 03 09 54 33.000 0.629960 5.000000 55.87705 0.34195823 0.0018363 49 2.015442
2009 06 03 09 58 06.000 0.953334 5.000000 54.24402 0.34489381 0.0013756 27 2.522482
2009 06 03 10 00 00.000 0.953334 3.303980 53.72849 0.34345985 0.0011908 10 1.969179
2009 06 03 10 00 06.000 0.079370 0.181769 242.51623 0.37524703 0.0018766 17 0.120823
2009 06 03 10 00 21.000 0.629960 5.000000 55.96146 0.34496589 0.0020790 46 2.228644
2009 06 03 10 05 06.000 0.953334 3.303980 53.97198 0.34302547 0.0010162 19 1.994015
2009 06 03 10 07 00.000 0.629960 3.303980 53.62586 0.34335597 0.0014780 11 1.553904
2009 06 03 10 07 15.000 0.022901 0.034657 275.63996 0.40935934 0.0027744 18 0.028779
2009 06 03 10 08 45.000 0.629960 3.303980 53.68085 0.34664318 0.0017960 35 1.698129
2009 06 03 10 10 30.000 0.629960 3.303980 53.71878 0.34668319 0.0016662 34 1.712839
2009 06 03 10 10 48.000 0.079370 0.275074 236.26795 0.38531757 0.0025955 27 0.143456
2009 06 03 10 09 30.000 0.022901 0.052448 273.57944 0.35145565 0.0028431 47 0.034751
2009 06 03 10 12 18.000 0.022901 0.034657 273.71062 0.49150035 0.0017328 10 0.028779
2009 06 03 10 12 57.000 0.079370 0.120112 237.51734 0.38839111 0.0008429 10 0.099741
2009 06 03 10 12 33.000 0.953334 3.303980 53.19436 0.34708150 0.0011761 32 1.863329
2009 06 03 10 12 24.000 0.034657 0.079370 266.64570 0.42861143 0.0022032 29 0.050491
2009 06 03 10 14 33.000 0.629960 5.000000 53.75522 0.34388563 0.0019305 42 2.005588
2009 06 03 10 15 39.000 0.079370 0.275074 225.11094 0.38362933 0.0023997 29 0.167018
2009 06 03 10 17 24.000 0.629960 5.000000 53.98152 0.34247894 0.0021150 41 2.306457
2009 06 03 10 18 42.000 0.034657 0.079370 262.36520 0.48954593 0.0033114 17 0.050128
2009 06 03 10 21 15.000 0.034657 0.079370 265.39237 0.47794904 0.0025365 19 0.058849
2009 06 03 10 22 42.000 0.181769 0.416276 115.45535 0.36106877 0.0020485 10 0.298774
2009 06 03 10 28 36.000 0.953334 3.303980 24.93662 0.34114473 0.0010149 27 1.883738
2009 06 03 10 32 15.000 0.416276 5.000000 26.35705 0.33989492 0.0135693 74 1.717605
2009 06 03 10 37 33.000 0.953334 3.303980 123.63036 0.34552510 0.0010780 13 1.980438
2009 06 03 10 42 51.000 0.953334 5.000000 120.74925 0.34131964 0.0012958 17 2.352343
2009 06 03 10 48 42.000 0.629960 2.183260 120.79846 0.33801521 0.0010136 17 1.294906
2009 06 03 10 53 18.000 0.953334 3.303980 121.20054 0.33973593 0.0009938 26 1.827013
2009 06 03 10 56 24.000 0.120112 0.181769 257.55522 0.35130467 0.0010472 10 0.150941
2009 06 03 10 56 30.000 2.183260 5.000000 20.97351 0.33954761 0.0005622 14 3.347207
2009 06 03 11 11 36.000 0.120112 0.275074 244.95095 0.34906466 0.0019807 18 0.159550
2009 06 03 11 27 30.000 0.953334 5.000000 47.39521 0.33783500 0.0013248 67 2.086232
2009 06 03 11 39 42.000 0.953334 3.303980 48.87573 0.33862198 0.0011560 77 1.971378
2009 06 03 11 41 48.000 1.442700 5.000000 53.94087 0.33728300 0.0009830 10 2.605265
2009 06 03 11 47 21.000 0.275074 3.303980 25.75425 0.34005508 0.0139191 96 1.305300
2009 06 03 11 50 48.000 0.275074 2.183260 28.99856 0.37856422 0.0037701 35 0.564789
2009 06 03 11 54 33.000 0.953334 5.000000 48.69469 0.33897677 0.0015216 64 2.344361
2009 06 03 12 02 48.000 0.953334 5.000000 51.56021 0.34324960 0.0016077 35 2.254888
2009 06 03 12 03 42.000 0.275074 0.953334 103.89601 0.35354743 0.0019058 12 0.523512
2009 06 03 12 40 03.000 2.183260 5.000000 187.24287 0.34001025 0.0006226 13 3.826982
2009 06 03 12 42 00.000 0.120112 0.275074 234.96012 0.39580219 0.0015816 10 0.166437
2009 06 03 13 02 09.000 2.183260 5.000000 187.26039 0.34027915 0.0006518 24 3.565169
2009 06 04 01 03 18.000 0.953334 5.000000 188.90267 0.34504048 0.0027112 45 2.126669
2009 06 04 01 11 24.000 1.442700 3.303980 90.53058 0.33390027 0.0011857 14 2.344774
2009 06 04 01 23 39.000 0.953334 5.000000 91.42121 0.33109662 0.0031199 29 2.051054
2009 06 04 01 34 48.000 1.442700 5.000000 90.58549 0.33465543 0.0016726 25 2.802933
2009 06 04 01 46 54.000 0.953334 5.000000 89.61334 0.33852751 0.0036161 30 2.460681
2009 06 04 02 07 12.000 1.442700 5.000000 90.62772 0.33367770 0.0030273 12 2.787567
2009 06 04 02 18 36.000 1.442700 3.303980 92.86034 0.32527989 0.0024845 13 2.099331
2009 06 04 02 21 24.000 1.442700 5.000000 284.73964 0.34236516 0.0038623 88 3.055103
2009 06 04 02 50 48.000 0.629960 5.000000 57.81964 0.33081475 0.0135175 50 2.011551
2009 06 04 03 45 57.000 0.629960 5.000000 284.66519 0.34253491 0.0148468 100 2.255433
2009 06 04 03 55 57.000 1.442700 5.000000 285.07563 0.34171288 0.0026520 32 3.316546
2009 06 04 03 57 15.000 0.953334 5.000000 285.57669 0.34047212 0.0053522 39 2.433694
2009 06 04 04 00 24.000 0.953334 5.000000 286.13603 0.34063116 0.0069087 32 2.568963
2009 06 04 04 01 15.000 1.442700 5.000000 285.97258 0.34126029 0.0039193 25 2.952828
2009 06 04 04 04 18.000 2.183260 5.000000 285.66509 0.34110638 0.0020242 13 3.176965
2009 06 04 04 55 06.000 0.275074 0.629960 125.41151 0.32386296 0.0065332 10 0.487629
2009 06 04 05 11 42.000 0.953334 5.000000 108.69148 0.34504045 0.0037461 26 2.790096
2009 06 04 05 25 03.000 0.953334 5.000000 283.14160 0.34306039 0.0057007 90 2.587883
2009 06 04 05 29 30.000 2.183260 5.000000 283.83115 0.34188387 0.0009434 11 3.895923
2009 06 04 05 30 18.000 1.442700 5.000000 281.73715 0.34103299 0.0035994 31 2.943158
2009 06 04 05 33 30.000 0.275074 0.629960 73.74400 0.35432391 0.0052903 12 0.404823
2009 06 04 05 44 03.000 0.275074 5.000000 111.14024 0.34562766 0.0089489 38 2.419292
2009 06 04 06 03 18.000 1.442700 5.000000 93.02192 0.34706768 0.0025179 19 2.943463
2009 06 04 06 06 09.000 2.183260 5.000000 93.42572 0.34544727 0.0011225 16 3.447805
2009 06 04 06 09 09.000 2.183260 5.000000 93.15254 0.34565185 0.0010337 14 3.447805
2009 06 04 07 47 27.000 1.442700 5.000000 259.70584 0.34225838 0.0050344 24 2.961545
2009 06 04 07 59 06.000 0.953334 5.000000 189.28348 0.35288198 0.0081268 29 2.316972
2009 06 04 08 00 00.000 0.953334 5.000000 187.88694 0.35177730 0.0073457 41 2.391364
2009 06 04 08 16 06.000 2.183260 5.000000 77.70279 0.34228907 0.0021430 16 3.447805
2009 06 04 08 29 51.000 1.442700 5.000000 109.61914 0.35061745 0.0032213 26 2.944782
2009 06 04 08 48 00.000 1.442700 5.000000 229.75964 0.34335910 0.0021713 30 2.902863
2009 06 04 08 53 45.000 1.442700 5.000000 231.15576 0.34431088 0.0018939 15 2.964906
2009 06 04 08 55 03.000 2.183260 5.000000 282.01105 0.34310300 0.0009248 11 3.767889
2009 06 04 08 55 30.000 1.442700 3.303980 231.48176 0.34420597 0.0012665 10 2.557492
2009 06 04 08 59 30.000 2.183260 5.000000 230.28419 0.34323031 0.0009121 11 3.767889
2009 06 04 09 01 21.000 1.442700 5.000000 229.08963 0.34613522 0.0018349 13 2.279255
2009 06 04 09 02 33.000 1.442700 5.000000 228.86382 0.34188729 0.0032562 26 2.854820
2009 06 04 09 03 48.000 0.953334 5.000000 229.62541 0.34182188 0.0022565 10 2.048520
2009 06 04 09 03 57.000 2.183260 5.000000 76.06306 0.33970465 0.0011569 11 3.767889
2009 06 04 09 05 30.000 1.442700 5.000000 229.24255 0.34207969 0.0021114 27 2.816233
2009 06 04 09 07 36.000 0.953334 5.000000 229.10949 0.34203572 0.0028750 25 2.778335
2009 06 04 09 08 45.000 1.442700 5.000000 228.77831 0.34227092 0.0022128 19 2.574146
2009 06 04 09 09 57.000 0.953334 5.000000 75.93768 0.33702716 0.0023203 26 2.232580
2009 06 04 09 11 12.000 0.953334 5.000000 228.42313 0.34228332 0.0045509 41 2.475464
2009 06 04 09 14 36.000 0.953334 5.000000 76.27329 0.33765464 0.0030218 23 2.206385
2009 06 04 09 15 48.000 0.953334 5.000000 49.32038 0.33261728 0.0036341 26 2.137340
2009 06 04 09 24 57.000 0.953334 5.000000 75.19376 0.33880063 0.0030094 32 2.636481
2009 06 04 09 35 30.000 0.953334 5.000000 75.98703 0.33567115 0.0032521 26 2.580286
2009 06 04 09 43 54.000 0.953334 5.000000 75.68566 0.33758936 0.0030312 30 2.557320
2009 06 04 11 14 24.000 1.442700 5.000000 26.09295 0.34973276 0.0041067 12 3.177402
2009 06 04 11 32 24.000 0.629960 3.303980 25.92334 0.34362468 0.0101033 38 1.602791
2009 06 04 12 49 18.000 1.442700 5.000000 34.73927 0.34562530 0.0032354 14 2.813640
2009 06 04 13 07 12.000 0.629960 3.303980 53.05909 0.33817296 0.0031602 18 1.581288
2009 06 04 13 21 18.000 1.442700 5.000000 52.40255 0.34482089 0.0022465 21 2.947180
2009 06 04 13 49 24.000 0.953334 2.183260 42.59841 0.34638951 0.0022955 10 1.689987
2009 06 04 13 53 27.000 0.953334 5.000000 44.80103 0.34598617 0.0028355 21 2.192221
2009 06 04 21 08 24.000 2.183260 5.000000 188.77499 0.34225458 0.0009181 100 3.461889
2009 06 04 21 10 57.000 1.442700 5.000000 188.83437 0.34249510 0.0014693 76 3.454091
2009 06 04 21 15 51.000 0.953334 5.000000 188.85487 0.34277491 0.0034513 100 2.625723
2009 06 04 21 17 15.000 0.953334 5.000000 188.94040 0.34293711 0.0029196 25 2.965455
2009 06 04 21 23 45.000 1.442700 5.000000 187.91326 0.34277296 0.0013596 84 3.342111
2009 06 04 21 26 42.000 0.275074 0.953334 81.92991 0.37844226 0.0032773 24 0.575463
2009 06 04 21 27 06.000 0.079370 0.120112 350.87577 0.35419475 0.0170042 10 0.099741
2009 06 04 21 37 45.000 0.953334 5.000000 188.50064 0.34276473 0.0029323 100 2.645956
2009 06 04 21 39 18.000 0.953334 5.000000 188.73481 0.34289646 0.0032885 100 2.696689
2009 06 04 21 40 48.000 0.953334 5.000000 188.73909 0.34263081 0.0036597 33 2.592891
2009 06 04 21 41 15.000 0.953334 5.000000 189.06265 0.34219047 0.0027787 47 2.880083
2009 06 04 21 41 48.000 0.079370 0.181769 8.96739 0.41988959 0.0441979 10 0.115101
2009 06 04 21 45 36.000 0.629960 2.183260 217.84020 0.35682512 0.0023920 22 1.440603
2009 06 04 21 46 03.000 1.442700 5.000000 188.71749 0.34193861 0.0014373 22 3.363201
2009 06 04 21 46 36.000 0.953334 5.000000 188.80383 0.34229725 0.0018067 100 3.339037
2009 06 04 21 49 00.000 1.442700 5.000000 188.67347 0.34227384 0.0012401 74 3.170122
2009 06 04 21 53 39.000 0.629960 5.000000 188.09697 0.34326048 0.0039007 100 2.671897
2009 06 04 21 55 09.000 0.953334 5.000000 188.56630 0.34308173 0.0032967 82 2.679956
2009 06 04 21 56 27.000 0.181769 0.629960 87.81975 0.35177926 0.0069209 15 0.291165
2009 06 04 21 56 27.000 0.416276 5.000000 188.38680 0.34268928 0.0053663 100 2.405259
2009 06 04 21 57 39.000 0.953334 5.000000 188.88117 0.34288490 0.0030814 30 2.991353
2009 06 04 21 58 39.000 0.275074 0.629960 76.62327 0.35076277 0.0029304 17 0.418740
2009 06 04 21 58 45.000 2.183260 5.000000 187.89210 0.34066749 0.0009147 52 3.583225
2009 06 04 22 01 12.000 2.183260 5.000000 188.78311 0.34241178 0.0008482 29 3.520652
2009 06 04 22 06 27.000 1.442700 5.000000 187.95751 0.34310867 0.0021784 100 3.111534
2009 06 04 22 08 45.000 0.953334 5.000000 187.82711 0.34304136 0.0028796 100 2.797360
2009 06 04 22 16 51.000 2.183260 5.000000 186.99420 0.34410473 0.0007226 13 3.935318
2009 06 04 22 17 33.000 1.442700 5.000000 186.77751 0.34288201 0.0010397 44 3.522679
2009 06 04 22 22 24.000 0.953334 5.000000 186.90489 0.34356863 0.0034268 100 2.495401
2009 06 06 00 16 24.000 0.181769 0.629960 102.18974 0.33312804 0.0025922 13 0.287168
2009 06 06 00 49 48.000 0.953334 3.303980 348.49718 0.35262326 0.0011451 26 1.969558
2009 06 06 00 56 39.000 0.416276 0.953334 110.50626 0.35581745 0.0015111 15 0.612628
2009 06 06 02 07 57.000 0.629960 1.442700 22.18202 0.33956832 0.0013091 15 1.035469
2009 06 06 03 25 42.000 1.442700 3.303980 82.96387 0.36446472 0.0009387 15 2.247279
2009 06 06 05 18 09.000 0.181769 0.629960 119.88729 0.34932989 0.0022406 19 0.324322
2009 06 06 05 59 18.000 2.183260 5.000000 96.76282 0.34174825 0.0006632 13 3.501973
2009 06 06 06 57 45.000 0.629960 5.000000 139.00204 0.34571034 0.0019502 100 1.814063
2009 06 06 06 59 48.000 0.953334 3.303980 138.62610 0.34695285 0.0012883 10 1.814619
2009 06 06 07 00 12.000 0.629960 5.000000 139.01114 0.34542340 0.0020252 63 1.626846
2009 06 06 07 01 39.000 0.275074 2.183260 138.31161 0.34684723 0.0033400 29 1.156926
2009 06 06 07 07 39.000 0.181769 0.416276 123.25088 0.34884909 0.0017960 17 0.290497
2009 06 06 07 09 27.000 0.181769 0.416276 114.89765 0.35192414 0.0015853 16 0.301705
2009 06 06 09 26 00.000 0.953334 5.000000 256.48084 0.34147019 0.0014307 37 2.442094
2009 06 06 09 42 09.000 0.181769 0.275074 200.23972 0.37929442 0.0010214 10 0.228421
2009 06 06 10 13 03.000 2.183260 5.000000 15.15206 0.34727617 0.0005868 18 3.447805
2009 06 06 11 37 57.000 0.416276 0.953334 98.28335 0.37282028 0.0008018 12 0.679760
2009 06 06 11 41 54.000 3.303980 5.000000 191.84930 0.33696835 0.0003955 11 4.151990
2009 06 06 11 54 00.000 0.181769 0.416276 110.79953 0.37529914 0.0015914 15 0.290957
2009 06 06 12 00 12.000 0.181769 0.629960 111.12547 0.36148150 0.0022192 15 0.287152
2009 06 06 12 26 39.000 0.181769 0.275074 104.17605 0.34119673 0.0010171 10 0.228421
2009 06 06 12 31 06.000 0.079370 0.120112 284.79738 0.42038253 0.0023214 11 0.099741
2009 06 06 12 33 12.000 0.181769 0.629960 115.58219 0.34446739 0.0018437 12 0.301835
2009 06 06 12 55 57.000 0.120112 0.275074 112.85825 0.36465861 0.0014014 12 0.163854
2009 06 06 13 45 06.000 0.181769 0.416276 119.37149 0.33740593 0.0016345 16 0.272392
2009 06 06 14 01 51.000 0.079370 0.275074 113.55504 0.37090852 0.0023201 28 0.160327
2009 06 06 14 04 18.000 0.120112 0.629960 115.29603 0.35317296 0.0029427 10 0.271865
2009 06 06 14 05 30.000 0.120112 0.953334 115.93849 0.35586566 0.0030123 18 0.322407
2009 06 06 14 18 39.000 0.015133 0.022901 136.23159 0.44448231 0.0035459 13 0.019017
2009 06 06 14 19 12.000 0.120112 0.629960 112.95177 0.35932848 0.0026035 24 0.278430
2009 06 06 14 17 54.000 0.022901 0.034657 104.84107 0.46973821 0.0024663 56 0.028779
2009 06 06 14 21 27.000 0.120112 0.416276 117.83421 0.35524003 0.0021747 22 0.255164
2009 06 06 14 24 27.000 0.181769 0.953334 116.66594 0.36639144 0.0024254 37 0.306401
2009 06 06 14 29 06.000 0.120112 0.629960 123.85572 0.35232875 0.0027718 12 0.264624
2009 06 06 14 33 18.000 0.181769 0.629960 108.53113 0.35798429 0.0021779 14 0.291347
2009 06 06 14 34 12.000 0.120112 0.275074 118.66506 0.34228718 0.0012754 10 0.212925
2009 06 06 14 37 27.000 0.120112 0.275074 124.02043 0.38764460 0.0015323 21 0.165699
2009 06 06 14 39 27.000 0.079370 0.181769 116.80030 0.36335654 0.0014556 24 0.123208
2009 06 06 14 48 15.000 0.181769 0.275074 125.07243 0.37008695 0.0009671 10 0.228421
2009 06 06 14 51 21.000 0.120112 0.275074 118.13809 0.35927381 0.0015197 15 0.202594
2009 06 06 15 04 18.000 0.079370 0.120112 96.13984 0.35287219 0.0010843 10 0.099741
2009 06 06 15 17 12.000 0.120112 0.275074 105.86044 0.33770862 0.0015016 12 0.215508
2009 06 06 15 36 51.000 0.120112 0.275074 128.67572 0.37639266 0.0015543 29 0.209719
2009 06 06 15 42 06.000 0.416276 0.629960 122.24629 0.32702154 0.0008025 11 0.523118
2009 06 06 15 44 18.000 0.181769 0.629960 113.40019 0.37070433 0.0025023 11 0.313981
2009 06 06 15 46 24.000 0.953334 3.303980 278.21822 0.35936049 0.0012853 14 2.101425
2009 06 06 15 48 51.000 0.120112 0.275074 118.44081 0.38643135 0.0023818 23 0.184628
2009 06 06 16 01 03.000 0.079370 0.275074 132.34892 0.37233944 0.0023605 18 0.173999
2009 06 06 16 08 21.000 0.120112 1.442700 122.48803 0.34927861 0.0035939 11 0.614451
2009 06 06 16 09 12.000 0.120112 0.416276 123.09244 0.37574780 0.0023113 12 0.192995
2009 06 06 16 11 42.000 0.181769 0.629960 122.68002 0.35793666 0.0021634 10 0.346300
2009 06 06 16 12 24.000 0.181769 0.629960 122.35252 0.35866903 0.0024940 34 0.360021
2009 06 06 16 17 42.000 0.181769 0.953334 121.63325 0.34681407 0.0027871 22 0.427045
2009 06 06 16 19 57.000 0.120112 1.442700 125.11198 0.34832296 0.0041579 37 0.226169
2009 06 06 16 22 15.000 0.181769 0.629960 114.52882 0.36365367 0.0020128 18 0.316796
2009 06 06 16 25 15.000 0.181769 0.275074 122.87827 0.35292590 0.0009918 14 0.228421
2009 06 06 16 30 06.000 0.120112 0.629960 120.89523 0.37014942 0.0027104 32 0.248212
2009 06 06 16 31 15.000 0.120112 0.629960 119.91396 0.33668656 0.0026912 16 0.331733
2009 06 06 16 36 39.000 0.275074 0.629960 55.52660 0.31593586 0.0014009 16 0.390036
2009 06 06 16 37 21.000 0.181769 0.629960 123.78993 0.36629620 0.0019704 29 0.283167
2009 06 06 16 40 54.000 0.181769 0.953334 119.33814 0.35171133 0.0027821 32 0.392357
2009 06 06 16 43 00.000 0.181769 0.416276 117.72188 0.36038119 0.0015792 21 0.256339
2009 06 06 16 50 15.000 0.181769 2.183260 111.74539 0.33533404 0.0030242 11 0.564632
2009 06 06 16 51 51.000 0.120112 0.629960 117.03300 0.35297676 0.0029010 31 0.331741
2009 06 06 16 53 00.000 0.181769 0.416276 114.56212 0.34871475 0.0016040 14 0.278673
2009 06 06 16 54 24.000 0.181769 0.629960 125.69287 0.36593634 0.0021017 15 0.322433
2009 06 06 16 55 18.000 0.181769 0.416276 120.03396 0.37094035 0.0016692 20 0.251872
2009 06 06 16 56 57.000 0.181769 0.416276 125.04600 0.36097747 0.0019632 11 0.281718
2009 06 06 16 58 33.000 0.181769 0.275074 113.30994 0.36142056 0.0011023 14 0.228421
2009 06 06 17 00 27.000 0.181769 0.629960 120.06582 0.35568886 0.0026025 44 0.370156
2009 06 06 17 02 03.000 0.181769 0.629960 118.11147 0.35300730 0.0025022 23 0.345947
2009 06 06 17 05 48.000 0.120112 0.953334 122.86432 0.36048317 0.0041725 17 0.283688
2009 06 06 17 10 00.000 0.120112 0.953334 123.87047 0.36353576 0.0034468 39 0.288800
2009 06 06 17 11 15.000 0.181769 0.953334 120.75233 0.37513275 0.0030104 17 0.342964
2009 06 06 17 12 45.000 0.120112 0.275074 126.80463 0.34848644 0.0014161 10 0.166437
2009 06 06 17 13 33.000 0.120112 0.953334 122.73765 0.35881853 0.0038686 100 0.256652
2009 06 06 17 16 36.000 0.079370 0.629960 120.47883 0.35007381 0.0041820 91 0.219738
2009 06 06 17 19 30.000 0.120112 0.953334 120.97859 0.35209614 0.0040796 35 0.268619
2009 06 06 17 20 51.000 0.120112 1.442700 117.41212 0.35790134 0.0043386 45 0.439645
2009 06 06 17 24 09.000 0.181769 0.629960 122.46385 0.35069348 0.0030390 14 0.350197
2009 06 06 17 25 09.000 0.120112 0.416276 126.75006 0.37246707 0.0027590 49 0.205599
2009 06 06 17 27 09.000 0.120112 0.629960 129.49230 0.35284370 0.0034662 14 0.324355
2009 06 06 17 28 09.000 0.120112 0.416276 119.41281 0.35950203 0.0028242 31 0.221056
2009 06 06 17 31 12.000 0.181769 0.953334 122.23505 0.35049664 0.0033341 20 0.358262
2009 06 06 17 34 15.000 0.120112 0.416276 127.84768 0.34187719 0.0027159 44 0.211716
2009 06 06 17 38 03.000 0.120112 1.442700 126.25141 0.36059072 0.0046739 60 0.354748
2009 06 06 17 40 12.000 0.120112 0.953334 120.44435 0.35783213 0.0045233 100 0.302848
2009 06 06 17 43 51.000 0.120112 0.629960 127.33799 0.34721744 0.0037182 54 0.304958
2009 06 06 17 45 30.000 0.120112 0.953334 120.83662 0.35811605 0.0047254 49 0.331667
2009 06 06 17 47 48.000 0.181769 1.442700 121.46327 0.35293087 0.0037141 39 0.451758
2009 06 06 17 49 27.000 0.120112 0.275074 114.39107 0.35733018 0.0019081 14 0.217353
2009 06 06 17 52 06.000 0.120112 0.416276 119.81981 0.34801870 0.0025531 15 0.194915
2009 06 06 17 52 42.000 0.120112 0.953334 123.23312 0.35579490 0.0040767 38 0.293244
2009 06 06 17 55 30.000 0.120112 0.953334 125.44707 0.35067832 0.0042813 19 0.284728
2009 06 06 17 56 48.000 0.120112 0.275074 125.82681 0.37235246 0.0017498 38 0.189681
2009 06 06 17 58 36.000 0.120112 0.953334 120.60805 0.35317285 0.0041177 72 0.269021
2009 06 06 18 00 27.000 0.079370 1.442700 124.03242 0.35513401 0.0053528 22 0.312590
2009 06 06 18 02 27.000 0.120112 0.953334 127.14415 0.35937397 0.0047614 100 0.199647
2009 06 06 18 05 30.000 0.120112 0.953334 124.78030 0.35914611 0.0045909 82 0.283533
2009 06 06 18 07 30.000 0.120112 0.416276 123.40585 0.35309602 0.0031259 12 0.183396
2009 06 06 18 08 24.000 0.120112 0.953334 121.22978 0.34550660 0.0040348 63 0.292379
2009 06 06 18 11 21.000 0.079370 0.629960 123.02383 0.36603709 0.0046878 100 0.200278
2009 06 06 18 13 42.000 0.120112 0.629960 126.53805 0.36028200 0.0038949 100 0.279418
2009 06 06 18 16 36.000 0.120112 0.629960 127.27049 0.36239600 0.0033102 28 0.221799
2009 06 06 18 20 00.000 0.120112 0.953334 120.24971 0.36024509 0.0043930 100 0.273070
2009 06 06 18 22 39.000 0.120112 0.629960 121.22880 0.36152038 0.0037855 100 0.250142
2009 06 06 18 26 57.000 0.120112 0.629960 114.51761 0.34436905 0.0035162 37 0.317930
2009 06 06 18 31 00.000 0.181769 0.629960 125.19004 0.36891681 0.0026550 35 0.339332
2009 06 06 18 33 00.000 0.120112 0.953334 121.49170 0.35463203 0.0044335 84 0.379048
2009 06 06 18 34 51.000 0.181769 0.953334 121.31960 0.36303587 0.0032588 12 0.398541
2009 06 06 18 35 27.000 0.181769 0.953334 123.65268 0.36848176 0.0027892 60 0.379243
2009 06 06 18 38 39.000 0.181769 0.629960 124.05042 0.35782415 0.0024198 27 0.442141
2009 06 06 18 40 06.000 0.181769 0.629960 120.49445 0.33213107 0.0026781 31 0.361208
2009 06 06 18 41 12.000 0.181769 0.629960 118.08264 0.34996302 0.0025402 25 0.324882
2009 06 06 18 45 39.000 0.181769 0.629960 118.97551 0.35814304 0.0025383 15 0.322433
2009 06 06 18 49 00.000 0.181769 0.629960 118.62240 0.35187840 0.0028088 21 0.374039
2009 06 06 18 50 03.000 0.181769 0.629960 123.62824 0.34911343 0.0027769 19 0.333661
2009 06 06 18 52 30.000 0.181769 0.416276 123.34139 0.36243544 0.0022628 17 0.290497
2009 06 06 18 55 24.000 0.181769 0.629960 118.50338 0.36717883 0.0026817 28 0.356535
2009 06 06 18 58 00.000 0.181769 0.629960 117.63989 0.35253951 0.0027373 23 0.343466
2009 06 06 19 02 03.000 0.181769 0.416276 116.55739 0.34603354 0.0021487 16 0.257735
2009 06 06 19 18 15.000 0.416276 0.953334 122.49499 0.35837009 0.0011979 14 0.561479
2009 06 06 19 19 12.000 0.120112 0.629960 122.93965 0.36529575 0.0038387 44 0.269880
2009 06 06 19 20 39.000 0.181769 0.629960 118.32701 0.35220330 0.0025926 26 0.271324
2009 06 06 19 22 00.000 0.181769 0.629960 121.86411 0.36709286 0.0027368 36 0.336164
2009 06 06 19 23 42.000 0.181769 0.416276 128.18633 0.36353172 0.0019951 10 0.275323
2009 06 06 19 24 33.000 0.181769 0.629960 120.28981 0.35570165 0.0029435 54 0.374424
2009 06 06 19 26 30.000 0.181769 0.953334 125.15765 0.35222343 0.0030627 13 0.529080
2009 06 06 19 27 12.000 0.120112 0.416276 121.36716 0.35225039 0.0028157 34 0.212530
2009 06 06 19 28 30.000 0.181769 1.442700 118.61919 0.37089379 0.0036281 27 0.373248
2009 06 06 19 31 48.000 0.181769 0.953334 126.41336 0.35357304 0.0032281 41 0.405141
2009 06 06 19 35 09.000 0.181769 0.953334 121.97744 0.35000281 0.0027752 12 0.341835
2009 06 06 19 36 09.000 0.181769 0.416276 120.14110 0.35602433 0.0019947 17 0.262908
2009 06 06 19 39 36.000 0.181769 0.629960 121.07311 0.35541153 0.0025098 20 0.375457
2009 06 06 19 40 42.000 0.181769 0.629960 125.50453 0.34860451 0.0027137 50 0.308279
2009 06 06 19 42 36.000 0.181769 0.629960 122.00832 0.35015152 0.0023777 15 0.318628
2009 06 06 19 43 48.000 0.120112 0.416276 129.18349 0.35339494 0.0035773 34 0.261799
2009 06 06 19 52 06.000 0.181769 0.629960 125.15516 0.36662026 0.0028764 42 0.266147
2009 06 06 19 57 18.000 0.181769 0.629960 119.81944 0.36295124 0.0025611 19 0.324322
2009 06 06 20 01 27.000 0.181769 0.629960 120.86570 0.33718666 0.0029573 23 0.299929
2009 06 06 20 04 42.000 0.181769 0.416276 125.88898 0.36269427 0.0020529 15 0.267506
2009 06 06 20 06 03.000 0.120112 0.953334 114.82340 0.34285016 0.0045875 13 0.433968
2009 06 06 20 07 06.000 0.181769 0.629960 127.39895 0.35593172 0.0026224 13 0.368584
2009 06 06 20 10 03.000 0.181769 0.416276 200.43465 0.30795489 0.0020565 10 0.251872
2009 06 06 20 12 21.000 0.181769 0.629960 121.27101 0.34582048 0.0028574 22 0.297850
2009 06 06 20 14 51.000 0.181769 0.953334 120.58346 0.34748497 0.0030287 29 0.541332
2009 06 06 20 16 33.000 0.120112 0.953334 121.89242 0.34797628 0.0043661 63 0.316525
2009 06 06 20 19 12.000 0.120112 0.275074 120.66539 0.36119059 0.0018256 11 0.207290
2009 06 06 20 21 27.000 0.181769 0.953334 119.05249 0.34889919 0.0036249 15 0.265970
2009 06 06 20 22 21.000 0.181769 0.629960 119.86679 0.35627509 0.0029818 29 0.323599
2009 06 06 20 23 33.000 0.120112 0.416276 123.06004 0.35444107 0.0032557 39 0.214620
2009 06 06 20 27 51.000 0.120112 0.416276 119.79995 0.35207444 0.0038206 33 0.254624
2009 06 06 20 31 54.000 0.181769 0.629960 120.44164 0.35066953 0.0029286 11 0.340771
2009 06 06 20 33 57.000 0.120112 0.416276 122.87634 0.36002204 0.0035149 20 0.279300
2009 06 06 20 37 15.000 0.120112 0.181769 209.73658 0.47398191 0.0024206 10 0.150941
2009 06 06 20 36 51.000 0.181769 0.275074 122.54271 0.33767648 0.0014792 16 0.228421
2009 06 06 20 38 18.000 0.181769 0.629960 126.39649 0.35232353 0.0034008 14 0.333447
2009 06 06 20 39 54.000 0.181769 0.416276 127.19452 0.35936373 0.0019626 18 0.293562
2009 06 06 20 42 00.000 0.275074 0.629960 116.95663 0.34568664 0.0018226 10 0.469885
2009 06 06 20 47 21.000 0.275074 0.953334 120.83947 0.34841898 0.0021492 22 0.430471
2009 06 06 20 49 45.000 0.181769 0.629960 119.59735 0.35498719 0.0026027 25 0.275573
2009 06 06 20 53 54.000 0.181769 0.953334 116.67174 0.34952882 0.0028160 17 0.395153
2009 06 06 20 54 33.000 0.181769 0.953334 122.59452 0.35965506 0.0031497 27 0.379348
2009 06 06 21 01 54.000 0.181769 0.953334 122.77213 0.33951215 0.0036672 19 0.350798
2009 06 06 21 04 09.000 0.181769 0.953334 118.43859 0.35530348 0.0035429 17 0.382992
2009 06 06 21 10 42.000 0.275074 0.953334 121.05882 0.35543065 0.0020664 14 0.440903
2009 06 06 21 16 12.000 1.442700 3.303980 7.42192 0.33846272 0.0007215 14 2.278300
2009 06 06 21 18 24.000 0.181769 0.629960 117.37901 0.35108132 0.0033385 32 0.312893
2009 06 06 21 22 27.000 0.275074 0.953334 119.04156 0.34453110 0.0023503 26 0.503008
2009 06 06 21 23 27.000 0.181769 0.953334 116.11270 0.34387710 0.0032958 27 0.334254
2009 06 06 21 31 39.000 0.629960 3.303980 220.68590 0.34962036 0.0020874 16 1.783962
2009 06 06 21 31 36.000 0.120112 0.629960 121.42976 0.34798261 0.0035418 35 0.327532
2009 06 06 21 33 33.000 0.181769 0.629960 116.71607 0.35185705 0.0028563 19 0.339668
2009 06 06 21 36 42.000 0.181769 0.629960 117.96862 0.35700359 0.0025284 18 0.365738
2009 06 06 21 47 39.000 0.181769 0.629960 119.72639 0.34784328 0.0028521 34 0.306154
2009 06 06 21 49 09.000 0.181769 0.953334 120.21343 0.35795433 0.0036061 19 0.421050
2009 06 06 21 53 27.000 0.275074 0.953334 122.42167 0.34993915 0.0022384 24 0.542094
2009 06 06 22 00 09.000 0.181769 0.275074 196.05938 0.33725046 0.0014746 10 0.228421
2009 06 06 22 04 30.000 0.181769 0.416276 117.77197 0.34179564 0.0020755 17 0.290497
2009 06 06 22 10 51.000 0.181769 0.953334 125.83357 0.36289425 0.0031201 39 0.423585
2009 06 06 22 15 54.000 0.181769 0.416276 119.08413 0.35861838 0.0028313 16 0.272392
2009 06 06 22 19 33.000 0.181769 0.416276 122.93960 0.35142958 0.0017774 11 0.281718
2009 06 06 22 26 09.000 0.181769 0.416276 117.83993 0.36729650 0.0022188 12 0.267506
2009 06 06 22 27 12.000 0.181769 0.416276 123.20894 0.35738539 0.0017411 19 0.308648
2009 06 06 22 33 51.000 0.181769 0.629960 115.34033 0.36019150 0.0025161 26 0.269129
2009 06 06 22 37 57.000 0.181769 0.953334 120.86286 0.34922055 0.0026707 16 0.436818
2009 06 06 22 41 57.000 0.275074 0.629960 115.03264 0.34736505 0.0019346 10 0.398908
2009 06 06 22 42 48.000 0.181769 0.629960 120.25776 0.35478872 0.0027927 32 0.303683
2009 06 06 22 45 39.000 0.181769 0.629960 121.81091 0.32838569 0.0026915 12 0.321377
2009 06 06 22 47 09.000 0.120112 0.629960 116.98040 0.35710057 0.0040150 42 0.264475
2009 06 06 22 51 33.000 0.275074 0.953334 118.30322 0.34052336 0.0020032 11 0.572371
2009 06 06 22 52 33.000 0.275074 0.629960 120.22618 0.35431450 0.0018467 13 0.413922
2009 06 06 22 53 42.000 0.181769 0.416276 115.92282 0.34586453 0.0018798 13 0.291558
2009 06 06 22 54 39.000 0.181769 0.629960 114.87145 0.34834274 0.0025644 25 0.369501
2009 06 06 22 55 51.000 0.181769 0.629960 126.25726 0.35162792 0.0028525 31 0.306212
2009 06 06 22 57 00.000 0.181769 0.953334 115.71968 0.35700964 0.0031333 32 0.402532
2009 06 06 22 58 39.000 0.120112 0.416276 119.30181 0.34609018 0.0028192 26 0.236070
2009 06 06 23 01 03.000 0.181769 0.416276 120.91266 0.34412014 0.0021664 20 0.310499
2009 06 06 23 06 51.000 0.275074 0.629960 125.68551 0.34458035 0.0017941 10 0.381164
2009 06 06 23 08 15.000 0.416276 0.953334 122.67076 0.34715594 0.0011684 13 0.667711
2009 06 06 23 12 57.000 0.181769 0.953334 116.79112 0.34482417 0.0032250 42 0.367907
2009 06 06 23 15 48.000 0.181769 0.629960 124.56874 0.34536878 0.0025186 11 0.388881
2009 06 06 23 18 57.000 0.120112 0.275074 123.02715 0.36321975 0.0019519 10 0.166437
2009 06 06 23 21 33.000 0.181769 0.629960 119.57942 0.35281582 0.0031249 37 0.347724
2009 06 06 23 23 33.000 0.275074 0.953334 123.57984 0.35135457 0.0023129 16 0.484746
2009 06 06 23 27 54.000 0.181769 0.629960 115.41642 0.34789409 0.0031059 35 0.288813
2009 06 06 23 31 39.000 0.181769 0.629960 120.45853 0.36134922 0.0030331 16 0.408650
2009 06 06 23 32 21.000 0.181769 0.953334 123.43588 0.36732609 0.0034636 10 0.319920
2009 06 06 23 39 12.000 0.181769 0.629960 115.74421 0.34375416 0.0032873 26 0.402708
2009 06 06 23 51 12.000 0.181769 0.416276 120.26920 0.35673537 0.0028166 13 0.309597
2009 06 06 23 52 24.000 0.181769 0.629960 123.23846 0.37274127 0.0035593 24 0.424625
2009 06 06 23 54 27.000 0.181769 0.629960 116.62582 0.35473009 0.0032551 11 0.356619
2009 06 07 00 24 24.000 0.181769 0.629960 121.45723 0.33159569 0.0027006 12 0.370493
2009 06 07 00 41 12.000 0.181769 0.953334 121.72926 0.35239250 0.0054810 30 0.492115
2009 06 07 00 44 42.000 0.275074 0.629960 119.93338 0.35246839 0.0028291 17 0.397864
2009 06 07 01 14 03.000 0.275074 0.629960 117.64799 0.34722214 0.0019736 14 0.358349
2009 06 07 01 21 00.000 0.275074 0.629960 120.24344 0.36094148 0.0024858 15 0.440311
2009 06 07 01 28 36.000 0.275074 0.629960 121.89436 0.36115591 0.0020898 10 0.469885
2009 06 07 01 40 09.000 0.275074 0.629960 120.27329 0.35666639 0.0023527 14 0.434397
2009 06 07 01 46 15.000 0.181769 0.416276 117.92132 0.35191531 0.0027634 20 0.275323
2009 06 07 01 52 12.000 0.181769 0.275074 123.66090 0.38333907 0.0017861 10 0.228421
2009 06 07 01 54 39.000 0.181769 0.416276 124.61963 0.33552923 0.0023989 11 0.281718
2009 06 07 01 55 09.000 0.181769 0.953334 121.08389 0.36930957 0.0044393 30 0.345324
2009 06 07 02 04 54.000 0.416276 1.442700 82.80072 0.35985988 0.0018849 23 0.874617
2009 06 07 02 09 21.000 0.181769 0.953334 124.92656 0.36740965 0.0043570 11 0.322261
2009 06 07 02 09 57.000 0.181769 0.629960 118.02996 0.35947569 0.0035851 41 0.344588
2009 06 07 02 15 18.000 0.181769 2.183260 122.45328 0.36471127 0.0041194 27 0.330536
2009 06 07 02 21 09.000 0.181769 0.953334 121.24763 0.36394847 0.0029903 57 0.326517
2009 06 07 02 23 27.000 0.181769 0.629960 116.94088 0.35496841 0.0025907 15 0.349896
2009 06 07 02 24 48.000 0.181769 0.629960 119.17322 0.35024400 0.0024875 12 0.355707
2009 06 07 02 27 12.000 0.181769 0.629960 123.30240 0.37363018 0.0027835 20 0.304793
2009 06 07 02 38 30.000 0.181769 0.629960 116.90564 0.34399920 0.0028795 14 0.350197
2009 06 07 02 52 12.000 0.181769 0.416276 122.03134 0.35265198 0.0023428 15 0.298774
2009 06 07 02 53 21.000 0.181769 0.416276 120.78766 0.36043285 0.0022898 18 0.306590
2009 06 07 02 55 54.000 0.181769 0.629960 121.32814 0.35552903 0.0033688 19 0.417384
2009 06 07 03 06 27.000 0.181769 0.629960 122.80345 0.38231743 0.0029538 10 0.352006
2009 06 07 03 29 21.000 0.275074 0.629960 114.96889 0.35122535 0.0019395 19 0.429727
2009 06 07 03 33 30.000 0.416276 0.953334 113.90266 0.34106530 0.0013489 16 0.640599
2009 06 07 04 05 06.000 0.181769 0.629960 119.97440 0.35961185 0.0025578 26 0.341526
2009 06 07 04 21 33.000 0.275074 0.953334 120.76574 0.34454848 0.0029881 11 0.588503
2009 06 07 04 26 33.000 0.416276 0.953334 122.20708 0.35398569 0.0012580 12 0.746892
2009 06 07 04 35 12.000 0.181769 0.629960 114.44085 0.37198567 0.0056552 11 0.308793
2009 06 07 05 01 36.000 0.181769 0.629960 116.20303 0.35566864 0.0041423 41 0.344588
2009 06 07 05 12 15.000 0.181769 0.629960 120.60871 0.36305421 0.0041285 17 0.370275
2009 06 07 05 14 48.000 0.275074 0.629960 117.40988 0.36507488 0.0028499 10 0.416652
2009 06 07 05 18 12.000 0.181769 0.953334 114.43927 0.34640734 0.0041798 22 0.371418
2009 06 07 05 19 21.000 0.275074 0.629960 118.01817 0.35249049 0.0018916 10 0.434397
2009 06 07 05 19 54.000 0.275074 0.953334 114.95657 0.35406378 0.0026332 14 0.561817
2009 06 07 05 21 39.000 0.181769 0.629960 113.14884 0.36913351 0.0050282 13 0.409533
2009 06 07 05 26 00.000 0.275074 0.953334 126.54490 0.35555229 0.0032097 10 0.532227
2009 06 07 05 26 39.000 0.181769 0.953334 125.33820 0.35293909 0.0060879 18 0.456265
2009 06 07 05 27 51.000 0.629960 3.303980 357.30042 0.34091159 0.0025607 29 1.564081
2009 06 07 05 32 30.000 0.275074 0.629960 110.55484 0.34113405 0.0021861 15 0.416652
2009 06 07 05 33 45.000 0.181769 0.416276 115.88161 0.34700984 0.0028045 15 0.314407
2009 06 07 07 21 45.000 0.275074 0.953334 114.94985 0.36272387 0.0030243 14 0.517287
2009 06 07 07 22 51.000 0.275074 0.953334 114.92836 0.36629619 0.0028086 12 0.471561
2009 06 07 14 42 54.000 0.120112 0.181769 150.50939 0.45896254 0.1151064 10 0.150941
2009 06 07 16 38 18.000 0.120112 0.275074 12.54794 0.36758360 0.0731072 16 0.179996
2009 06 07 23 38 36.000 2.183260 5.000000 16.59580 0.34229597 0.0022429 15 3.494751
2009 06 07 23 56 45.000 0.181769 0.629960 37.51053 0.42260934 0.0580307 19 0.305973
2009 06 08 00 14 00.000 0.275074 0.629960 269.55184 0.31159232 0.0154913 11 0.458593
2009 06 08 03 34 42.000 0.120112 0.629960 272.95593 0.42975091 0.1101221 18 0.283993
2009 06 08 05 23 48.000 0.953334 5.000000 12.08974 0.33393573 0.0046567 34 2.569953
2009 06 08 05 42 06.000 0.953334 5.000000 26.81276 0.33898335 0.0072335 18 2.168182
2009 06 08 05 43 33.000 0.629960 5.000000 26.28045 0.34240900 0.0319237 58 2.009957
2009 06 08 07 00 09.000 1.442700 5.000000 287.23807 0.34287887 0.0041447 26 2.819026
2009 06 08 07 01 30.000 1.442700 5.000000 285.35658 0.34387507 0.0048082 34 2.966974
2009 06 08 07 05 36.000 1.442700 5.000000 285.27402 0.34367922 0.0045869 44 2.937927
2009 06 08 07 07 09.000 2.183260 5.000000 284.34003 0.34478053 0.0026857 20 3.447805
2009 06 08 07 09 21.000 0.953334 5.000000 285.37960 0.34459923 0.0070402 35 2.765204
2009 06 08 08 03 39.000 1.442700 5.000000 284.12052 0.34247927 0.0059391 24 2.531900
2009 06 08 08 05 54.000 1.442700 5.000000 285.09855 0.34095429 0.0063687 33 2.902863
2009 06 08 08 07 51.000 1.442700 5.000000 284.59666 0.34348519 0.0071071 33 2.959266
2009 06 08 08 09 39.000 1.442700 5.000000 284.88772 0.34208648 0.0070785 24 2.903897
2009 06 08 08 10 42.000 1.442700 5.000000 284.75102 0.34093099 0.0083279 19 2.624433
2009 06 08 08 19 42.000 0.953334 5.000000 285.42353 0.34128127 0.0090892 31 2.923320
2009 06 08 08 27 51.000 0.275074 0.953334 142.70590 0.33665666 0.0928392 10 0.488102
2009 06 08 08 29 30.000 2.183260 5.000000 284.45557 0.34220870 0.0033648 20 3.377386
2009 06 08 08 31 48.000 1.442700 5.000000 285.44800 0.34099665 0.0062400 27 2.938251
2009 06 08 08 33 27.000 1.442700 5.000000 285.70726 0.34302863 0.0081831 18 3.266158
2009 06 08 08 35 12.000 1.442700 5.000000 285.49107 0.34063182 0.0074651 25 2.540368
2009 06 08 08 37 33.000 1.442700 5.000000 284.34869 0.34277456 0.0048076 27 3.023961
2009 06 08 09 10 03.000 1.442700 5.000000 285.78402 0.34057849 0.0068636 17 2.580849
2009 06 08 09 11 30.000 1.442700 5.000000 284.66474 0.34003568 0.0049951 27 2.902863
2009 06 08 09 13 00.000 0.953334 5.000000 284.50301 0.34157657 0.0091938 29 2.607503
2009 06 08 09 15 00.000 0.953334 5.000000 285.49818 0.33945401 0.0077946 37 2.818722
2009 06 08 09 26 00.000 1.442700 5.000000 285.04647 0.34102773 0.0069994 27 2.625280
2009 06 08 09 26 54.000 1.442700 5.000000 285.65781 0.33922257 0.0065136 31 2.927747
2009 06 08 09 33 51.000 0.953334 5.000000 285.58963 0.34175115 0.0086682 43 2.665424
2009 06 08 11 45 39.000 0.181769 0.629960 196.54455 0.48193064 0.0168852 14 0.438919
2009 06 08 14 56 54.000 0.079370 0.181769 107.86034 0.36256785 0.2308265 19 0.113215
2009 06 09 01 38 33.000 0.953334 5.000000 284.68450 0.34137692 0.0069850 74 2.697112
2009 06 09 02 37 45.000 0.953334 5.000000 285.00522 0.34421696 0.0081850 80 2.776990
2009 06 09 02 44 03.000 1.442700 5.000000 283.92431 0.34349746 0.0058942 33 3.001944
2009 06 09 03 33 36.000 0.275074 5.000000 264.85155 0.34744380 0.2609119 82 1.520270
2009 06 09 03 44 42.000 1.442700 5.000000 285.28312 0.34281144 0.0072259 44 3.129413
2009 06 09 03 48 03.000 2.183260 5.000000 285.04770 0.34392508 0.0042831 12 3.095712
2009 06 09 04 14 09.000 1.442700 5.000000 284.35608 0.34318759 0.0064391 19 3.361762
2009 06 09 04 21 39.000 0.953334 5.000000 25.40417 0.34106718 0.0137249 35 2.460005
2009 06 09 05 29 03.000 0.953334 5.000000 97.73608 0.34376925 0.0150868 33 2.574256
2009 06 09 07 44 51.000 0.953334 5.000000 154.35490 0.35418351 0.0193044 48 2.330464
2009 06 09 09 31 09.000 2.183260 5.000000 11.62766 0.33897250 0.0031010 17 3.489228
2009 06 09 09 41 24.000 0.120112 0.953334 308.86590 0.30836573 0.2641632 15 0.299743
2009 06 09 12 34 27.000 0.953334 5.000000 286.49339 0.34252531 0.0099711 86 2.663540
2009 06 09 12 42 09.000 0.953334 5.000000 285.31503 0.34236823 0.0067861 30 2.783899
2009 06 09 13 30 09.000 2.183260 5.000000 286.43245 0.34388206 0.0034551 15 3.213077
2009 06 09 13 31 06.000 2.183260 5.000000 286.99414 0.34182605 0.0040287 18 3.447805
2009 06 09 13 38 42.000 2.183260 5.000000 286.72987 0.34226817 0.0037103 19 3.484867
2009 06 09 23 16 18.000 1.442700 5.000000 187.93443 0.34667390 0.0034403 98 2.990208
2009 06 09 23 21 21.000 2.183260 5.000000 187.98915 0.34786819 0.0011050 44 3.767889
2009 06 09 23 24 36.000 2.183260 5.000000 186.94511 0.34696643 0.0014224 28 3.749599
2009 06 09 23 30 30.000 1.442700 5.000000 187.19513 0.34742157 0.0034162 100 2.975970
2009 06 09 23 38 18.000 0.953334 5.000000 187.85410 0.34542354 0.0059784 97 2.712587
2009 06 09 23 45 21.000 2.183260 5.000000 189.18603 0.34621936 0.0015386 51 3.489228
2009 06 09 23 51 24.000 0.953334 5.000000 189.50638 0.34835788 0.0062507 100 2.828520
2009 06 09 23 53 03.000 2.183260 5.000000 189.96719 0.34863760 0.0028595 11 3.511822
2009 06 09 23 53 33.000 1.442700 5.000000 189.10197 0.34740062 0.0055528 97 3.074685
2009 06 09 23 59 15.000 2.183260 5.000000 188.90776 0.34798892 0.0025025 16 3.359782
2009 06 10 00 02 06.000 1.442700 5.000000 285.53898 0.34185627 0.0036351 38 2.967954
2009 06 10 00 06 21.000 0.953334 5.000000 189.28882 0.35009667 0.0082330 100 2.917303
2009 06 10 00 08 06.000 0.953334 5.000000 189.41374 0.35061961 0.0063377 80 2.871875
2009 06 10 00 09 27.000 1.442700 5.000000 189.69563 0.35221262 0.0051600 61 2.900253
2009 06 10 00 17 33.000 2.183260 5.000000 101.75728 0.34588605 0.0024159 17 3.572073
2009 06 10 03 39 36.000 1.442700 5.000000 289.08388 0.33826791 0.0052154 24 3.039099
2009 06 10 03 54 45.000 1.442700 5.000000 288.40776 0.33677026 0.0075426 25 3.120840
2009 06 10 03 57 33.000 1.442700 5.000000 285.90411 0.33982951 0.0052503 28 2.947475
2009 06 10 04 00 15.000 2.183260 5.000000 287.97156 0.33859991 0.0024437 15 3.588642
2009 06 10 04 01 15.000 2.183260 5.000000 288.13311 0.33909801 0.0038317 19 3.410743
2009 06 10 04 04 09.000 1.442700 5.000000 288.12418 0.33968122 0.0064295 30 2.902863
2009 06 10 04 05 09.000 2.183260 5.000000 288.12208 0.34069724 0.0017197 18 3.447805
2009 06 10 04 21 06.000 0.953334 5.000000 289.42514 0.33952746 0.0062928 35 2.557344
2009 06 10 04 30 36.000 2.183260 5.000000 289.45870 0.34035540 0.0013470 14 3.649001
2009 06 10 04 39 30.000 1.442700 3.303980 86.73170 0.34290945 0.0016429 13 2.385682
2009 06 10 06 10 09.000 0.181769 0.629960 95.85197 0.37275571 0.0038636 15 0.389189
2009 06 10 06 15 09.000 0.181769 0.629960 104.08273 0.34508733 0.0030732 22 0.292520
2009 06 10 06 16 18.000 0.181769 0.629960 96.93970 0.35638136 0.0031577 22 0.289784
2009 06 10 06 18 45.000 0.181769 0.629960 97.82828 0.36903095 0.0031140 13 0.368584
2009 06 10 06 23 42.000 0.181769 0.629960 100.05545 0.34445184 0.0042850 21 0.343255
2009 06 10 06 24 54.000 0.181769 0.416276 101.08466 0.35336289 0.0025930 14 0.261922
2009 06 10 06 45 27.000 0.181769 0.416276 94.52427 0.35394252 0.0031583 25 0.317534
2009 06 10 06 48 03.000 0.181769 0.629960 95.44488 0.35392213 0.0038828 16 0.371813
2009 06 10 07 00 54.000 0.181769 2.183260 98.43418 0.34350903 0.0041868 17 0.404398
2009 06 10 07 20 27.000 0.953334 5.000000 22.79943 0.33849757 0.0019816 22 2.875783
2009 06 10 07 20 09.000 0.181769 1.442700 101.70661 0.32842293 0.0048570 17 0.361326
2009 06 10 07 21 06.000 0.181769 0.416276 98.85445 0.36218165 0.0029071 10 0.298774
2009 06 10 07 21 30.000 0.629960 5.000000 22.70920 0.33910084 0.0027758 67 1.920969
2009 06 10 07 22 21.000 0.629960 5.000000 23.45321 0.33972860 0.0033324 89 2.096867
2009 06 10 07 23 39.000 0.953334 3.303980 23.80511 0.34004090 0.0020332 21 1.608773
2009 06 10 07 24 12.000 0.181769 0.629960 101.79024 0.35441713 0.0034660 35 0.295513
2009 06 10 07 28 00.000 0.275074 0.416276 97.24149 0.37327203 0.0012018 10 0.345675
2009 06 10 07 29 57.000 0.629960 5.000000 24.08725 0.33868223 0.0024526 45 2.162777
2009 06 10 07 30 57.000 0.629960 5.000000 24.30437 0.33843627 0.0027207 33 1.954304
2009 06 10 07 31 27.000 0.181769 0.629960 95.20220 0.34709239 0.0040230 24 0.316622
2009 06 10 07 32 09.000 0.181769 0.416276 48.67209 0.44660009 0.0028425 10 0.322224
2009 06 10 07 31 27.000 0.629960 5.000000 24.41494 0.34021708 0.0034582 100 1.738914
2009 06 10 07 32 57.000 0.629960 5.000000 24.97859 0.34009387 0.0035415 32 2.072388
2009 06 10 07 35 48.000 0.181769 0.416276 104.25020 0.36113699 0.0021521 12 0.287048
2009 06 10 07 41 09.000 0.275074 0.953334 99.59707 0.35554491 0.0024669 11 0.450743
2009 06 10 08 43 12.000 0.275074 0.416276 97.51810 0.38141499 0.0013909 13 0.345675
2009 06 10 08 50 57.000 0.181769 0.416276 106.06827 0.36270955 0.0016541 25 0.270633
2009 06 10 08 55 09.000 0.181769 0.629960 100.82547 0.36944978 0.0023112 14 0.324848
2009 06 10 08 56 12.000 0.181769 0.275074 92.44446 0.37130174 0.0014453 10 0.228421
2009 06 10 09 00 00.000 0.181769 0.275074 96.88368 0.36483426 0.0012327 12 0.228421
2009 06 10 09 06 21.000 0.181769 0.416276 97.82143 0.35631759 0.0017497 21 0.289840
2009 06 10 09 08 48.000 0.181769 0.629960 102.19520 0.35554869 0.0021716 26 0.298383
2009 06 10 09 10 09.000 0.181769 0.416276 103.02226 0.34977231 0.0016369 14 0.278673
2009 06 10 09 13 12.000 0.120112 0.416276 104.22272 0.36827012 0.0024695 28 0.268951
2009 06 10 09 16 57.000 0.181769 0.629960 101.23722 0.34887977 0.0021763 27 0.282763
2009 06 10 09 19 18.000 0.181769 0.629960 100.11386 0.35330923 0.0022531 53 0.343816
2009 06 10 09 23 48.000 0.181769 0.416276 99.02753 0.36900067 0.0017219 12 0.267506
2009 06 10 09 23 51.000 0.416276 5.000000 25.28663 0.34056342 0.0056767 72 1.715205
2009 06 10 09 25 18.000 0.120112 0.416276 100.16432 0.35359307 0.0022816 21 0.245270
2009 06 10 09 28 33.000 0.181769 0.416276 95.63051 0.36488857 0.0013369 12 0.326133
2009 06 10 09 32 36.000 0.120112 0.275074 95.73657 0.35538160 0.0012891 15 0.192264
2009 06 10 09 42 21.000 0.181769 0.629960 95.01456 0.37084517 0.0018433 14 0.375546
2009 06 10 09 44 30.000 0.181769 0.416276 101.65056 0.35324740 0.0014169 23 0.264107
2009 06 10 09 50 15.000 0.181769 0.416276 98.51878 0.34547040 0.0016218 25 0.270633
2009 06 10 09 52 03.000 0.181769 0.416276 104.51385 0.36640606 0.0013819 12 0.267506
2009 06 10 09 52 33.000 0.181769 0.629960 101.76702 0.36855482 0.0022098 13 0.341766
2009 06 10 09 55 00.000 0.181769 0.416276 100.95695 0.34140605 0.0016750 18 0.260992
2009 06 10 09 56 18.000 0.181769 0.629960 99.74640 0.36282331 0.0019287 28 0.324848
2009 06 10 10 04 54.000 0.022901 0.034657 274.47873 0.36530937 0.0029626 10 0.028779
2009 06 10 10 04 03.000 0.034657 0.120112 317.49147 0.43338136 0.0027647 23 0.050881
2009 06 10 10 04 48.000 0.181769 0.416276 98.38643 0.35776577 0.0012769 18 0.306590
2009 06 10 10 08 30.000 0.120112 0.181769 219.02289 0.31784236 0.0008677 10 0.150941
2009 06 10 10 08 48.000 0.120112 0.416276 95.60612 0.35684913 0.0021928 26 0.251050
2009 06 10 10 12 27.000 0.120112 0.629960 160.07082 0.35921717 0.0025197 15 0.271656
2009 06 10 10 12 54.000 0.120112 0.181769 306.35759 0.46784291 0.0008206 10 0.150941
2009 06 10 10 18 33.000 0.181769 0.416276 98.18351 0.33697507 0.0013710 16 0.272392
2009 06 10 10 20 42.000 0.181769 0.416276 101.00779 0.35651147 0.0017932 26 0.264499
2009 06 10 10 26 12.000 0.275074 0.629960 99.73953 0.37105488 0.0012439 23 0.376535
2009 06 10 10 27 21.000 0.181769 0.416276 100.74529 0.35116510 0.0014636 37 0.288633
2009 06 10 10 29 03.000 0.181769 0.416276 101.09324 0.34298947 0.0017679 11 0.260400
2009 06 10 10 30 21.000 0.275074 0.416276 99.77127 0.37314561 0.0008335 14 0.345675
2009 06 10 10 34 06.000 0.181769 0.416276 99.38530 0.36095674 0.0013649 12 0.306590
2009 06 10 10 35 00.000 0.181769 0.416276 102.86035 0.35694020 0.0014355 11 0.281718
2009 06 10 10 45 12.000 0.181769 0.629960 108.54080 0.37108036 0.0021927 14 0.291347
2009 06 10 10 45 30.000 0.181769 0.629960 101.44672 0.35287555 0.0022354 32 0.322102
2009 06 10 10 48 06.000 0.181769 0.416276 108.26998 0.34498756 0.0016183 12 0.247964
2009 06 10 10 56 18.000 0.181769 0.416276 97.10854 0.36344749 0.0015044 12 0.287048
2009 06 10 10 56 42.000 0.120112 0.629960 101.97084 0.35309622 0.0029305 35 0.235941
2009 06 10 11 01 15.000 0.181769 3.303980 103.16686 0.35285394 0.0031601 23 0.368366
2009 06 10 11 03 09.000 0.120112 0.629960 101.12902 0.34699124 0.0030931 42 0.284380
2009 06 10 11 05 09.000 0.181769 0.416276 100.66393 0.36152790 0.0016237 35 0.265273
2009 06 10 11 06 45.000 0.181769 0.416276 104.71482 0.35664289 0.0015568 34 0.252562
2009 06 10 11 09 15.000 0.181769 0.416276 99.91394 0.35436799 0.0014617 16 0.316362
2009 06 10 11 15 27.000 0.181769 0.629960 109.40619 0.35291059 0.0019881 14 0.366948
2009 06 10 11 15 57.000 0.181769 0.416276 105.17077 0.35205984 0.0016375 11 0.281718
2009 06 10 11 16 27.000 0.181769 0.416276 97.76580 0.34113392 0.0017977 25 0.233112
2009 06 10 11 18 03.000 0.181769 0.275074 96.47540 0.36285986 0.0011700 12 0.228421
2009 06 10 11 18 54.000 0.120112 1.442700 102.23817 0.35628553 0.0039214 100 0.280349
2009 06 10 11 22 03.000 0.181769 0.629960 101.46911 0.34803195 0.0023455 47 0.303464
2009 06 10 11 25 15.000 0.181769 0.416276 99.71356 0.34872155 0.0015216 30 0.275323
2009 06 10 11 51 51.000 0.181769 0.416276 93.37878 0.36265476 0.0012679 20 0.263597
2009 06 10 11 58 48.000 0.181769 0.416276 110.40078 0.36468329 0.0014393 15 0.283140
2009 06 10 12 05 15.000 0.079370 0.275074 108.87957 0.33190596 0.0018197 12 0.185528
2009 06 10 12 12 21.000 0.120112 0.416276 51.73406 0.42891644 0.0018979 12 0.225451
2009 06 10 12 21 00.000 0.120112 0.629960 98.14901 0.34858812 0.0029624 12 0.249837
2009 06 10 12 25 15.000 0.120112 0.275074 93.59165 0.31917825 0.0012333 10 0.212925
2009 06 10 12 38 15.000 0.181769 0.629960 107.95888 0.34889462 0.0016650 12 0.316622
2009 06 10 12 43 30.000 0.181769 0.416276 101.88665 0.34961968 0.0014066 17 0.262908
2009 06 10 12 52 15.000 0.181769 0.416276 105.06322 0.37549924 0.0014345 14 0.261922
2009 06 10 12 53 33.000 0.120112 0.416276 104.79065 0.33596494 0.0022177 67 0.249514
2009 06 10 12 56 00.000 0.181769 0.275074 104.40572 0.36283709 0.0009520 10 0.228421
2009 06 10 12 56 36.000 0.079370 0.120112 59.95272 0.42345388 0.0006697 10 0.099741
2009 06 10 12 57 18.000 0.120112 0.629960 105.59099 0.35427451 0.0033961 55 0.299390
2009 06 10 13 02 30.000 0.181769 0.629960 103.49692 0.35339997 0.0022478 37 0.320492
2009 06 10 13 04 27.000 0.181769 0.416276 105.09609 0.35990693 0.0017870 20 0.240147
2009 06 10 13 07 48.000 0.079370 0.120112 66.49221 0.42886236 0.0010211 10 0.099741
2009 06 10 13 06 15.000 0.120112 0.629960 103.61390 0.35181639 0.0033487 100 0.274264
2009 06 10 13 07 54.000 0.052448 0.079370 79.22009 0.48988358 0.0013401 23 0.065909
2009 06 10 13 08 30.000 0.120112 0.629960 104.58355 0.35066517 0.0035161 100 0.269055
2009 06 10 13 11 00.000 0.010000 3.303980 98.82670 0.36254912 0.0176571 65 0.226477
2009 06 10 13 13 57.000 0.181769 0.416276 103.69544 0.39879146 0.0018050 10 0.322224
2009 06 10 13 14 09.000 0.034657 0.052448 18.64078 0.42948263 0.0019814 13 0.043552
2009 06 10 13 13 00.000 0.010000 0.015140 310.19180 0.33801022 0.0047193 40 0.012570
2009 06 10 13 14 09.000 0.181769 0.416276 100.18356 0.34441070 0.0017600 39 0.279532
2009 06 10 13 16 15.000 0.120112 0.629960 100.86833 0.35136434 0.0030227 46 0.262536
2009 06 10 13 17 54.000 0.181769 0.629960 106.58105 0.35752015 0.0021524 37 0.306273
2009 06 10 13 19 24.000 0.181769 0.416276 105.99577 0.35682123 0.0014581 17 0.262908
2009 06 10 13 21 06.000 0.015133 0.022901 46.66644 0.31288724 0.0039436 14 0.019017
2009 06 10 13 21 18.000 0.022901 0.120112 56.52684 0.41974291 0.0044822 21 0.038917
2009 06 10 13 21 42.000 0.015133 0.953334 102.85204 0.33520355 0.0084474 51 0.239035
2009 06 10 13 23 48.000 0.015133 0.022901 42.07319 0.31560233 0.0026806 14 0.019017
2009 06 10 13 25 45.000 0.120112 0.629960 105.52991 0.34013392 0.0027964 33 0.250484
2009 06 10 13 27 57.000 0.181769 0.275074 106.43244 0.34811318 0.0009146 12 0.228421
2009 06 10 13 28 57.000 0.034657 0.120112 32.84696 0.43610732 0.0030763 17 0.068644
2009 06 10 13 30 30.000 0.181769 0.416276 114.34460 0.37426665 0.0012774 25 0.298774
2009 06 10 13 31 57.000 0.015133 0.022901 358.14580 0.32736944 0.0030857 13 0.019017
2009 06 10 13 31 12.000 0.120112 0.953334 105.61457 0.35201966 0.0033348 59 0.322188
2009 06 10 13 34 12.000 0.181769 0.416276 103.23273 0.34011846 0.0014880 13 0.273519
2009 06 10 13 35 18.000 0.120112 0.416276 106.18629 0.36623323 0.0025035 23 0.209938
2009 06 10 13 36 00.000 0.010000 0.015140 60.34991 0.45108121 0.0025245 20 0.012570
2009 06 10 13 37 15.000 0.120112 0.629960 107.96929 0.34104659 0.0033379 56 0.313509
2009 06 10 13 40 27.000 0.120112 0.953334 109.53429 0.35100058 0.0032217 57 0.348345
2009 06 10 13 44 48.000 0.120112 3.303980 105.43139 0.34129200 0.0047114 100 0.316662
2009 06 10 13 47 06.000 0.120112 3.303980 105.99526 0.34580176 0.0040463 71 0.310794
2009 06 10 13 49 33.000 0.120112 0.629960 104.55399 0.34638979 0.0033039 54 0.284236
2009 06 10 13 53 36.000 0.181769 0.416276 103.67490 0.34628836 0.0017854 20 0.275323
2009 06 10 13 54 00.000 0.010000 0.275074 51.82107 0.46881165 0.0088499 25 0.046443
2009 06 10 13 55 42.000 0.181769 0.416276 98.57051 0.35061542 0.0017399 13 0.237441
2009 06 10 13 56 00.000 0.010000 0.015140 9.59613 0.47685350 0.0013319 20 0.012570
2009 06 10 13 56 48.000 0.181769 0.416276 105.03347 0.35062955 0.0015400 16 0.257735
2009 06 10 13 58 39.000 0.120112 0.629960 105.01897 0.34619457 0.0036354 100 0.272943
2009 06 10 13 59 42.000 0.015133 0.022901 334.70376 0.43391635 0.0038479 13 0.019017
2009 06 10 14 00 39.000 0.120112 0.629960 104.59474 0.35348840 0.0041620 32 0.383605
2009 06 10 14 00 21.000 0.015133 0.022901 322.82078 0.46680099 0.0040664 27 0.019017
2009 06 10 14 01 09.000 0.034657 0.052448 32.67134 0.45365286 0.0020989 13 0.043552
2009 06 10 14 01 24.000 0.120112 0.629960 93.91171 0.36143352 0.0031028 27 0.218197
2009 06 10 14 01 51.000 0.120112 0.629960 107.16996 0.35318682 0.0037049 100 0.303980
2009 06 10 14 04 24.000 0.120112 0.181769 302.71718 0.43881621 0.0010411 10 0.150941
2009 06 10 14 04 39.000 0.120112 0.416276 106.05173 0.34448518 0.0029523 100 0.258613
2009 06 10 14 07 24.000 0.120112 0.629960 104.86349 0.34335560 0.0045719 62 0.280242
2009 06 10 14 08 57.000 0.120112 0.953334 107.17492 0.34547885 0.0041933 100 0.325990
2009 06 10 14 10 21.000 0.120112 0.953334 108.16225 0.33862259 0.0039400 100 0.302394
2009 06 10 14 12 57.000 0.120112 0.416276 105.81373 0.34952388 0.0030205 62 0.231187
2009 06 10 14 16 33.000 0.275074 0.629960 110.34261 0.35036777 0.0013705 14 0.371024
2009 06 10 14 17 51.000 0.034657 0.052448 59.59862 0.45887785 0.0019455 13 0.043552
2009 06 10 14 18 21.000 0.022901 0.034657 79.46120 0.43971371 0.0024858 10 0.028779
2009 06 10 14 18 00.000 0.120112 0.416276 103.29957 0.34400111 0.0022886 48 0.264278
2009 06 10 14 21 24.000 0.181769 0.416276 108.54242 0.34045500 0.0015884 21 0.245172
2009 06 10 14 22 09.000 0.120112 0.416276 93.09036 0.36915319 0.0025317 14 0.200897
2009 06 10 14 24 03.000 0.181769 0.416276 101.38946 0.34832301 0.0018207 13 0.291558
2009 06 10 14 25 15.000 0.181769 0.953334 105.47324 0.33381081 0.0023829 15 0.372334
2009 06 10 14 25 45.000 0.052448 0.079370 49.69801 0.43291058 0.0016012 14 0.065909
2009 06 10 14 26 06.000 0.079370 0.120112 73.16127 0.37672798 0.0010189 14 0.099741
2009 06 10 14 30 48.000 0.052448 0.120112 54.78730 0.31442840 0.0014621 13 0.076319
2009 06 10 14 29 27.000 0.052448 0.181769 67.37310 0.37780985 0.0023288 25 0.083574
2009 06 10 14 32 42.000 0.181769 0.416276 103.63152 0.33758087 0.0015229 15 0.251872
2009 06 10 14 33 24.000 0.953334 5.000000 134.00785 0.34136710 0.0016511 37 2.677896
2009 06 10 14 33 48.000 0.034657 0.120112 70.47774 0.48916842 0.0048216 28 0.063945
2009 06 10 14 37 57.000 0.181769 0.416276 111.98684 0.34744017 0.0014960 22 0.281718
2009 06 10 14 39 45.000 0.120112 0.275074 99.16240 0.37224855 0.0012411 13 0.198621
2009 06 10 14 40 39.000 0.120112 0.953334 104.17989 0.35440252 0.0035708 32 0.338475
2009 06 10 14 41 00.000 0.010000 0.015140 156.09894 0.45017905 0.0024339 20 0.012570
2009 06 10 14 45 27.000 0.079370 0.120112 80.23838 0.33585827 0.0009144 10 0.099741
2009 06 10 14 46 48.000 0.079370 0.181769 64.89601 0.39828139 0.0014029 14 0.107055
2009 06 10 14 47 15.000 0.052448 0.120112 50.69145 0.49570156 0.0016338 16 0.080710
2009 06 10 14 47 45.000 0.034657 0.181769 74.14361 0.43508736 0.0028632 18 0.073382
2009 06 10 14 52 15.000 0.079370 0.181769 77.85436 0.32461646 0.0011478 12 0.121074
2009 06 10 14 53 36.000 0.079370 0.953334 77.95237 0.32177438 0.0039641 15 0.145868
2009 06 10 14 57 12.000 0.015133 0.022901 273.96734 0.46250777 0.0019820 14 0.019017
2009 06 10 14 58 36.000 0.079370 0.120112 69.50488 0.33733216 0.0012728 11 0.099741
2009 06 10 15 09 03.000 0.953334 2.183260 115.48701 0.34041648 0.0008804 15 1.444002
2009 06 10 15 11 03.000 0.629960 3.303980 115.23227 0.34325279 0.0018411 27 1.686269
2009 06 10 15 12 45.000 0.416276 0.629960 115.55208 0.38131955 0.0008460 10 0.523118
2009 06 10 15 27 36.000 0.120112 0.416276 100.43484 0.34508347 0.0026434 14 0.214807
2009 06 10 15 29 33.000 0.416276 0.953334 117.35359 0.34537823 0.0010454 14 0.676563
2009 06 10 15 46 51.000 0.034657 0.079370 62.57552 0.45127415 0.0030347 15 0.056966
2009 06 10 15 47 30.000 0.052448 0.181769 56.57087 0.39776060 0.0023750 27 0.097945
2009 06 10 15 48 27.000 0.034657 0.079370 39.34697 0.43533484 0.0029911 17 0.048813
2009 06 10 15 51 57.000 0.120112 0.275074 96.53536 0.36838792 0.0013598 11 0.207290
2009 06 10 15 52 51.000 0.275074 0.953334 112.85664 0.35682648 0.0017617 20 0.590723
2009 06 10 15 57 24.000 0.015133 0.022901 152.00298 0.34898802 0.0065223 14 0.019017
2009 06 10 15 59 00.000 0.010000 0.015140 163.62226 0.36319693 0.0054552 20 0.012570
2009 06 10 16 12 03.000 0.275074 0.629960 121.35380 0.35947779 0.0015977 12 0.449183
2009 06 10 16 13 00.000 0.015133 0.022901 15.25502 0.48989910 0.0033863 13 0.019017
2009 06 10 16 13 00.000 0.010000 0.015140 306.17930 0.49036412 0.0031634 20 0.012570
2009 06 10 16 13 00.000 0.034657 0.079370 87.60709 0.39045906 0.0025687 23 0.053273
2009 06 10 16 15 00.000 0.015133 0.022901 353.14276 0.43946498 0.0048815 14 0.019017
2009 06 10 16 19 06.000 0.015133 0.022901 41.63862 0.31260741 0.0039465 13 0.019017
2009 06 10 16 19 45.000 0.015133 0.022901 97.92124 0.31400061 0.0056332 14 0.019017
2009 06 10 16 20 27.000 0.015133 0.022901 70.99731 0.31764737 0.0060553 13 0.019017
2009 06 10 16 23 48.000 0.015133 0.022901 115.37249 0.37223024 0.0035649 14 0.019017
2009 06 10 16 24 00.000 0.010000 0.015140 177.28099 0.35483160 0.0046314 20 0.012570
2009 06 10 16 29 21.000 0.275074 0.629960 132.73626 0.35818186 0.0016910 12 0.360462
2009 06 10 16 32 39.000 0.034657 0.052448 111.26575 0.43572716 0.0015947 12 0.043552
2009 06 10 16 35 18.000 0.015133 0.022901 107.87182 0.44183182 0.0040373 27 0.019017
2009 06 10 16 39 06.000 0.079370 0.181769 58.16914 0.40617796 0.0018535 10 0.115101
2009 06 10 16 43 12.000 0.181769 0.275074 112.37003 0.38915636 0.0010665 14 0.228421
2009 06 10 16 48 42.000 0.052448 0.079370 81.85984 0.41380813 0.0011532 14 0.065909
2009 06 10 16 49 39.000 0.953334 5.000000 137.89035 0.35159579 0.0019740 31 2.637452
2009 06 10 16 50 12.000 0.015133 0.022901 356.86797 0.49543575 0.0047284 14 0.019017
2009 06 10 16 53 48.000 0.079370 0.120112 72.89860 0.32549884 0.0008273 10 0.099741
2009 06 10 16 54 33.000 0.953334 5.000000 136.73920 0.34834054 0.0018410 32 2.286452
2009 06 10 16 59 09.000 1.442700 5.000000 137.53258 0.34828414 0.0011973 23 2.685624
2009 06 10 17 03 12.000 0.034657 0.052448 81.19824 0.43149986 0.0020252 13 0.043552
2009 06 10 17 09 51.000 0.015133 0.022901 84.99274 0.46502545 0.0019146 13 0.019017
2009 06 10 17 17 00.000 0.010000 0.052448 75.94264 0.33981233 0.0081593 26 0.019720
2009 06 10 17 18 00.000 0.010000 0.015140 93.50494 0.33937468 0.0053086 20 0.012570
2009 06 10 17 19 18.000 0.181769 0.416276 156.41669 0.34834586 0.0021440 15 0.267506
2009 06 10 17 25 12.000 0.022901 0.034657 63.92978 0.45337021 0.0025472 10 0.028779
2009 06 10 17 26 09.000 0.022901 0.034657 82.24871 0.36737517 0.0022358 18 0.028779
2009 06 10 17 28 54.000 0.022901 0.034657 105.47682 0.48355346 0.0040676 10 0.028779
2009 06 10 17 28 45.000 0.015133 0.022901 94.36764 0.48689716 0.0061785 14 0.019017
2009 06 10 17 29 00.000 0.052448 0.416276 78.77768 0.38796937 0.0045368 23 0.103079
2009 06 10 17 29 24.000 0.022901 0.034657 115.60792 0.48109387 0.0045951 18 0.028779
2009 06 10 17 35 33.000 0.120112 0.275074 78.16559 0.40886138 0.0017569 12 0.176768
2009 06 10 17 55 42.000 0.629960 2.183260 125.90187 0.35480404 0.0013287 12 1.199820
2009 06 10 17 56 39.000 0.953334 2.183260 77.65877 0.35134645 0.0007836 11 1.533451
2009 06 10 18 00 27.000 0.022901 0.052448 88.48799 0.39165946 0.0028205 15 0.034689
2009 06 10 18 05 39.000 0.629960 5.000000 121.48164 0.34416741 0.0020940 33 1.976185
2009 06 10 18 12 09.000 0.953334 2.183260 128.94426 0.34915802 0.0009152 14 1.593350
2009 06 10 18 31 33.000 0.953334 2.183260 99.69041 0.36478105 0.0008284 13 1.339932
2009 06 10 18 43 33.000 0.629960 5.000000 111.26420 0.34613270 0.0028363 54 1.598869
2009 06 10 18 45 24.000 0.416276 2.183260 113.07945 0.34589484 0.0027340 26 1.157678
2009 06 10 18 49 24.000 0.953334 3.303980 109.73966 0.34857722 0.0015522 14 1.815322
2009 06 10 18 49 39.000 0.416276 5.000000 115.51719 0.34746113 0.0045585 99 1.507018
2009 06 10 18 51 48.000 0.953334 5.000000 125.46153 0.34253192 0.0017417 26 2.042100
2009 06 10 18 52 27.000 0.416276 5.000000 112.00236 0.34446584 0.0046910 50 1.638047
2009 06 10 18 53 06.000 0.275074 5.000000 130.11757 0.34505034 0.0044978 35 1.887277
2009 06 10 18 54 12.000 0.629960 5.000000 110.51371 0.34369705 0.0023863 16 2.111865
2009 06 10 18 54 27.000 0.629960 2.183260 111.04459 0.34231877 0.0016753 18 1.244972
2009 06 10 18 55 09.000 0.953334 5.000000 99.00464 0.34658434 0.0020764 21 2.458118
2009 06 10 18 56 18.000 0.953334 3.303980 121.84190 0.34738967 0.0014887 17 2.178580
2009 06 10 18 56 24.000 0.181769 1.442700 108.75843 0.35557549 0.0046085 14 0.688778
2009 06 10 18 57 03.000 0.953334 5.000000 130.01411 0.34399287 0.0020910 29 2.116092
2009 06 10 18 58 03.000 0.953334 5.000000 112.01229 0.34644190 0.0020776 34 2.419525
2009 06 10 18 58 45.000 0.953334 3.303980 121.40150 0.34904795 0.0017814 12 1.660605
2009 06 10 18 59 03.000 0.181769 5.000000 111.99181 0.34970814 0.0059654 40 1.799351
2009 06 10 18 59 45.000 0.953334 3.303980 120.19055 0.34835014 0.0014845 14 1.704921
2009 06 10 19 00 21.000 0.953334 5.000000 110.97581 0.34707136 0.0024629 15 2.664934
2009 06 10 19 01 00.000 0.629960 2.183260 111.16621 0.34662998 0.0015626 31 1.265305
2009 06 10 19 02 42.000 0.953334 5.000000 111.11982 0.34551176 0.0024460 22 2.041456
2009 06 10 19 04 54.000 0.181769 1.442700 120.19469 0.35451016 0.0045778 11 0.744047
2009 06 10 19 05 30.000 0.181769 3.303980 121.29687 0.35182271 0.0061446 15 1.376765
2009 06 10 19 06 33.000 0.629960 5.000000 129.19492 0.34848124 0.0024010 32 1.906736
2009 06 10 19 07 06.000 0.416276 2.183260 119.64636 0.34711978 0.0029226 23 1.161015
2009 06 10 19 09 00.000 0.629960 3.303980 110.44197 0.34520040 0.0020088 18 1.319250
2009 06 10 19 09 30.000 0.181769 3.303980 91.60718 0.34654861 0.0071429 13 1.913187
2009 06 10 19 10 36.000 0.953334 2.183260 127.96371 0.34908695 0.0012579 10 1.566995
2009 06 10 19 11 30.000 0.953334 5.000000 91.17017 0.34336416 0.0015148 10 1.893960
2009 06 10 19 12 18.000 0.953334 3.303980 90.65048 0.34806373 0.0018962 12 1.891899
2009 06 10 19 12 57.000 0.629960 2.183260 119.24327 0.34533717 0.0022433 31 1.225630
2009 06 10 19 16 09.000 0.953334 5.000000 109.65833 0.34562679 0.0023854 27 1.935899
2009 06 10 19 16 51.000 1.442700 5.000000 98.48041 0.34430893 0.0019426 23 2.990712
2009 06 10 19 17 21.000 0.953334 3.303980 89.83627 0.34522965 0.0021234 10 1.691626
2009 06 10 19 19 39.000 0.416276 5.000000 90.95407 0.36091010 0.0045643 24 1.475061
2009 06 10 19 20 21.000 0.629960 5.000000 118.25009 0.34742563 0.0026371 28 1.765219
2009 06 10 19 22 21.000 0.629960 5.000000 126.60565 0.34698574 0.0027228 13 1.601344
2009 06 10 19 22 39.000 0.629960 2.183260 126.95710 0.34837341 0.0022030 18 1.119902
2009 06 10 19 24 36.000 0.953334 3.303980 107.25812 0.34687440 0.0013983 13 2.338377
2009 06 10 19 24 45.000 0.181769 0.629960 153.08999 0.35443740 0.0031694 12 0.395312
2009 06 10 19 25 21.000 0.953334 5.000000 118.36704 0.34755118 0.0018890 18 2.212260
2009 06 10 19 26 33.000 0.953334 3.303980 118.57035 0.34845995 0.0016457 15 1.609085
2009 06 10 19 27 27.000 0.052448 0.120112 76.23022 0.39694667 0.0035439 12 0.085644
2009 06 10 19 29 09.000 0.629960 2.183260 88.60951 0.35087394 0.0018076 22 1.431121
2009 06 10 19 31 36.000 0.079370 0.120112 23.43648 0.32641955 0.0009967 10 0.099741
2009 06 10 19 32 48.000 0.181769 3.303980 93.61966 0.35336354 0.0062456 16 1.224214
2009 06 10 19 33 18.000 0.953334 3.303980 123.51349 0.34815918 0.0017304 11 1.729866
2009 06 10 19 33 06.000 0.120112 0.181769 85.15367 0.32368496 0.0011543 10 0.150941
2009 06 10 19 34 15.000 0.629960 2.183260 122.60962 0.34606989 0.0018121 22 1.069209
2009 06 10 19 34 57.000 0.629960 2.183260 118.14072 0.34545511 0.0017625 22 1.347754
2009 06 10 19 35 51.000 0.953334 5.000000 118.29543 0.34715826 0.0016369 13 1.567160
2009 06 10 19 36 51.000 0.629960 3.303980 92.90377 0.34832221 0.0026903 38 1.513136
2009 06 10 19 37 36.000 0.416276 2.183260 118.07632 0.34290208 0.0027394 17 1.324029
2009 06 10 19 38 18.000 0.953334 5.000000 87.97466 0.34620095 0.0020011 17 2.027270
2009 06 10 19 38 06.000 0.079370 0.120112 69.63173 0.36640583 0.0009902 14 0.099741
2009 06 10 19 40 03.000 0.015133 0.022901 20.34846 0.37873114 0.0038420 13 0.019017
2009 06 10 19 40 45.000 0.953334 5.000000 91.09634 0.34563061 0.0016763 24 2.099970
2009 06 10 19 40 42.000 0.015133 0.022901 34.14427 0.42298145 0.0055392 14 0.019017
2009 06 10 19 41 24.000 0.015133 0.022901 46.85184 0.48450544 0.0051475 14 0.019017
2009 06 10 19 41 36.000 0.953334 2.183260 87.80333 0.35340704 0.0011780 17 1.632109
2009 06 10 19 42 54.000 0.953334 3.303980 116.93002 0.34798015 0.0013783 12 1.583052
2009 06 10 19 45 00.000 0.629960 3.303980 87.69118 0.34879745 0.0022523 28 1.341842
2009 06 10 19 46 15.000 0.629960 2.183260 116.36772 0.34473488 0.0017375 17 1.499682
2009 06 10 19 48 00.000 0.953334 2.183260 89.24565 0.34964156 0.0009623 21 1.461573
2009 06 10 19 47 39.000 0.022901 0.034657 154.99787 0.48861450 0.0048203 19 0.028779
2009 06 10 19 51 12.000 0.953334 2.183260 116.47163 0.34522243 0.0010583 13 1.339932
2009 06 10 19 53 36.000 0.629960 3.303980 116.37959 0.34806359 0.0023819 41 1.713388
2009 06 10 19 54 21.000 0.629960 3.303980 116.19728 0.34867064 0.0025647 12 1.311237
2009 06 10 19 55 27.000 0.953334 2.183260 84.87740 0.35136577 0.0009592 12 1.403005
2009 06 10 19 56 12.000 0.629960 5.000000 117.06909 0.34645290 0.0025342 32 2.292971
2009 06 10 19 57 33.000 0.629960 3.303980 115.20402 0.34472379 0.0020986 18 1.296073
2009 06 10 19 58 45.000 0.275074 0.953334 123.41542 0.36174605 0.0030703 13 0.571801
2009 06 10 20 02 42.000 0.953334 5.000000 119.38728 0.34616978 0.0020724 39 2.125091
2009 06 10 20 07 33.000 0.953334 5.000000 120.07922 0.34620197 0.0018236 10 2.405414
2009 06 10 20 24 00.000 0.953334 5.000000 111.41990 0.34692654 0.0021929 19 1.954426
2009 06 10 20 24 24.000 0.416276 2.183260 112.02329 0.35287392 0.0027278 11 1.107785
2009 06 10 20 24 27.000 0.052448 0.181769 54.31294 0.38109072 0.0032461 19 0.102578
2009 06 10 20 24 42.000 0.629960 1.442700 111.94857 0.35308722 0.0010316 11 0.939418
2009 06 10 20 25 15.000 0.629960 3.303980 78.47075 0.34542982 0.0021856 17 1.350286
2009 06 10 20 30 12.000 0.629960 3.303980 78.04658 0.34233309 0.0020447 39 1.594737
2009 06 10 20 36 45.000 0.416276 3.303980 110.46095 0.34356363 0.0030249 45 1.539782
2009 06 10 20 37 15.000 0.052448 0.079370 74.34819 0.31562786 0.0022459 10 0.065909
2009 06 10 20 41 51.000 0.629960 3.303980 89.49501 0.34791668 0.0018554 28 1.683345
2009 06 10 20 45 48.000 0.629960 5.000000 99.98594 0.35437219 0.0030162 94 1.706472
2009 06 10 20 47 36.000 0.275074 0.629960 69.16162 0.34769674 0.0022713 10 0.487629
2009 06 10 20 48 24.000 0.416276 5.000000 107.29819 0.34796232 0.0042697 100 1.771670
2009 06 10 20 49 42.000 0.629960 5.000000 109.40419 0.37231875 0.0050880 11 3.181385
2009 06 10 20 50 03.000 0.629960 5.000000 111.42614 0.36018029 0.0048435 12 1.557402
2009 06 10 20 50 15.000 0.629960 5.000000 111.78195 0.36280787 0.0055970 11 2.017105
2009 06 10 20 50 21.000 0.629960 5.000000 111.85507 0.36537858 0.0048771 36 2.078185
2009 06 10 20 51 00.000 0.275074 5.000000 107.43648 0.34582189 0.0058117 100 1.716211
2009 06 10 20 52 09.000 0.629960 5.000000 109.61596 0.36704057 0.0026301 22 1.584356
2009 06 10 20 55 18.000 0.629960 5.000000 105.81023 0.34310132 0.0028931 75 2.205579
2009 06 10 20 56 18.000 0.181769 5.000000 106.78549 0.34895007 0.0072051 65 1.570774
2009 06 10 20 59 39.000 0.181769 5.000000 106.52880 0.34244283 0.0062496 100 1.338340
2009 06 10 21 04 09.000 0.629960 3.303980 94.74951 0.36138901 0.0027165 50 1.517616
2009 06 10 21 04 54.000 1.442700 3.303980 81.89150 0.35664812 0.0015971 11 2.320602
2009 06 10 21 04 54.000 0.022901 0.034657 99.54252 0.39804962 0.0036836 19 0.028779
2009 06 10 21 06 39.000 0.953334 5.000000 95.06504 0.35430598 0.0019832 24 2.665168
2009 06 10 21 07 27.000 0.181769 1.442700 105.31852 0.35263851 0.0056223 14 0.748700
2009 06 10 21 07 42.000 0.181769 5.000000 108.25838 0.34349436 0.0067618 81 1.816426
2009 06 10 21 09 12.000 0.953334 3.303980 93.83158 0.34742543 0.0012442 22 1.547800
2009 06 10 21 11 45.000 0.181769 0.416276 118.53299 0.35712247 0.0024752 11 0.239081
2009 06 10 21 14 48.000 0.015133 0.022901 102.35077 0.35770343 0.0023297 13 0.019017
2009 06 10 21 15 27.000 0.629960 5.000000 96.12728 0.34236512 0.0037510 48 1.887656
2009 06 10 21 16 24.000 0.416276 3.303980 93.08581 0.34679229 0.0043856 45 1.236585
2009 06 10 21 18 48.000 0.416276 0.953334 155.02183 0.32782121 0.0013702 12 0.702137
2009 06 10 21 19 42.000 0.416276 5.000000 92.63746 0.34495873 0.0108530 100 1.750320
2009 06 10 21 20 57.000 0.629960 5.000000 105.75130 0.34309577 0.0037213 31 2.167733
2009 06 10 21 21 27.000 0.629960 2.183260 92.11133 0.35457221 0.0022240 10 1.158462
2009 06 10 21 21 36.000 0.629960 5.000000 92.00972 0.36340536 0.0034902 48 2.106825
2009 06 10 21 21 33.000 0.015133 0.022901 218.63134 0.48423652 0.0053189 13 0.019017
2009 06 10 21 23 27.000 0.629960 5.000000 97.39627 0.34333185 0.0026348 17 1.800364
2009 06 10 21 23 36.000 0.416276 5.000000 94.52633 0.34664253 0.0070268 87 1.973391
2009 06 10 21 24 42.000 0.629960 1.442700 94.36327 0.34813110 0.0015475 13 1.072980
2009 06 10 21 27 39.000 0.953334 5.000000 96.69398 0.34277295 0.0031028 51 2.480298
2009 06 10 21 28 36.000 0.629960 5.000000 92.23406 0.35110327 0.0052884 69 2.056457
2009 06 10 21 30 18.000 0.629960 2.183260 95.33446 0.35020754 0.0025471 24 1.037838
2009 06 10 21 32 57.000 0.629960 1.442700 93.74478 0.35736230 0.0015988 14 0.994832
2009 06 10 21 33 36.000 2.183260 5.000000 84.48971 0.36196213 0.0009175 12 3.682533
2009 06 10 21 43 15.000 0.629960 5.000000 89.98311 0.34213402 0.0034078 47 2.319743
2009 06 10 21 43 54.000 0.015133 0.022901 221.88948 0.34760595 0.0060597 13 0.019017
2009 06 10 21 44 15.000 0.629960 5.000000 82.67520 0.35387238 0.0052773 76 1.802408
2009 06 10 21 49 27.000 0.034657 0.052448 62.45714 0.40101809 0.0017104 14 0.043552
2009 06 10 21 54 51.000 0.181769 0.629960 111.47081 0.35094772 0.0033343 30 0.383378
2009 06 10 21 56 51.000 0.181769 0.629960 131.47522 0.36198022 0.0039876 29 0.348074
2009 06 10 21 57 24.000 0.015133 0.022901 61.30516 0.34032192 0.0027738 14 0.019017
2009 06 10 21 58 30.000 0.416276 5.000000 85.17566 0.34746617 0.0068149 100 1.841661
2009 06 10 21 59 42.000 0.629960 5.000000 83.77806 0.35917901 0.0041422 52 1.949222
2009 06 10 22 05 39.000 0.416276 5.000000 81.62763 0.35437914 0.0060656 82 1.754893
2009 06 10 22 09 03.000 0.052448 0.079370 213.90223 0.36404413 0.0015384 10 0.065909
2009 06 10 22 21 30.000 0.275074 0.953334 140.48374 0.35546675 0.0039318 14 0.574829
2009 06 10 22 24 00.000 0.010000 0.015140 267.52756 0.41853652 0.0058364 20 0.012570
2009 06 10 22 26 30.000 0.015133 0.022901 170.47959 0.36297118 0.0044961 14 0.019017
2009 06 10 22 40 39.000 0.022901 0.034657 108.49539 0.35842464 0.0041232 18 0.028779
2009 06 10 22 55 42.000 0.416276 5.000000 73.10610 0.34994407 0.0028530 32 2.669809
2009 06 10 23 00 36.000 0.416276 0.953334 129.48599 0.34532818 0.0021565 10 0.764794
2009 06 10 23 03 15.000 0.181769 0.953334 69.61168 0.36459346 0.0060702 14 0.481356
2009 06 10 23 09 18.000 0.022901 0.034657 187.71336 0.39396728 0.0019794 10 0.028779
2009 06 10 23 11 00.000 0.010000 0.015140 177.56373 0.45409794 0.0036094 20 0.012570
2009 06 10 23 16 00.000 0.010000 0.015140 294.12719 0.40693706 0.0031446 20 0.012570
2009 06 10 23 17 15.000 0.015133 0.022901 97.09428 0.41614194 0.0061183 14 0.019017
2009 06 10 23 18 45.000 0.181769 0.629960 133.18185 0.37134286 0.0054105 17 0.287140
2009 06 10 23 21 00.000 0.010000 0.015140 283.60937 0.33595391 0.0057130 20 0.012570
2009 06 10 23 23 00.000 0.010000 0.015140 219.65829 0.35533695 0.0054573 20 0.012570
2009 06 10 23 22 15.000 0.015133 0.034657 196.89503 0.47035930 0.0085807 51 0.026100
2009 06 10 23 24 00.000 0.010000 0.015140 130.76915 0.47209197 0.0049336 20 0.012570
2009 06 10 23 26 39.000 0.120112 0.181769 211.49400 0.37697356 0.0012304 12 0.150941
2009 06 10 23 28 21.000 2.183260 5.000000 285.18355 0.34014958 0.0006472 18 3.369562
2009 06 10 23 32 09.000 0.181769 0.953334 122.59324 0.35614859 0.0058581 19 0.399284
2009 06 10 23 38 00.000 0.181769 0.953334 129.47477 0.35726267 0.0059315 15 0.421188
2009 06 10 23 41 54.000 0.181769 0.416276 133.89294 0.36496129 0.0029447 16 0.265063
2009 06 10 23 42 39.000 1.442700 5.000000 284.70582 0.34127784 0.0010763 28 2.980712
2009 06 10 23 44 33.000 0.181769 0.629960 122.39200 0.36274157 0.0049822 29 0.293221
2009 06 10 23 47 57.000 0.181769 1.442700 128.39153 0.36412639 0.0051672 10 0.472417
2009 06 10 23 48 39.000 0.181769 0.953334 125.47965 0.33995917 0.0052681 35 0.491609
2009 06 10 23 52 42.000 0.953334 2.183260 229.93637 0.33776372 0.0008502 13 1.529151
2009 06 10 23 53 27.000 0.181769 1.442700 145.05051 0.34936071 0.0059077 11 0.359204
2009 06 10 23 57 42.000 0.275074 0.629960 133.94924 0.35884597 0.0031327 10 0.452141
2009 06 10 23 59 15.000 1.442700 5.000000 285.38375 0.34051844 0.0009445 20 3.354741
2009 06 10 23 59 03.000 0.181769 0.416276 133.27530 0.35772259 0.0032276 10 0.298774
