  50.170      6.850   600 210010 West Eifel Volcanic Field  
  45.775      2.970  1464 210020 Chaine des Puys   
  42.170      2.530   893 210030 Olot Volcanic Field   
  38.870     -4.020  1117 210040 Calatrava Volcanic Field   
  43.250     10.870   500 211001 Larderello     
  42.600     11.930   800 211003 Vulsini     
  41.730     12.700   949 211004 Alban Hills    
  40.827     14.139   458 211010 Campi Flegrei    
  40.821     14.426  1281 211020 Vesuvius     
  40.730     13.897   789 211030 Ischia     
  39.480     14.830   -70 211031 Palinuro     
  38.789     15.213   924 211040 Stromboli     
  38.630     15.070   421 211041 Panarea     
  38.480     14.950   602 211042 Lipari     
  38.404     14.962   500 211050 Vulcano     
  37.734     15.004  3330 211060 Etna     
  37.100     12.700    -8 211070 Campi Flegrei Mar Sicilia  
  36.770     12.020   836 211071 Pantelleria     
  42.900     11.630  1738 211800 Amiata     
  37.615     23.336   760 212020 Methana     
  36.699     24.439   751 212030 Milos     
  36.404     25.396   367 212040 Santorini     
  36.586     27.160   698 212050 Nisyros     
  36.671     27.140   180 212051 Yali     
  36.852     27.251   430 212805 Kos     
  38.580     28.520   750 213000 Kula     
  37.670     33.650  1302 213001 Karapinar Field    
  38.130     34.170  3253 213002 Hasan Dagi    
  38.250     34.570  2143 213003 Gollu Dag    
  38.570     34.520  1689 213004 Acigol-Nevsehir     
  38.520     35.480  3916 213010 Erciyes Dagi    
  37.670     39.830  1957 213011 Karaca Dag    
  38.650     42.230  2948 213020 Nemrut Dagi    
  38.920     42.820  4158 213021 Suphan Dagi    
  39.192     43.217  2778 213022 Girekol Tepe    
  39.370     43.870  3584 213030 Tenduruk Dagi    
  39.700     44.300  5165 213040 Ararat     
  40.750     43.250  3000 213050 Kars Plateau    
  43.351     42.442  5642 214010 Elbrus     
  42.700     44.500  5050 214020 Kazbek     
  41.550     43.600  3400 214050 Unnamed     
  40.530     44.200  4095 214060 Aragats     
  40.275     44.750  3597 214070 Ghegam Ridge    
  39.700     45.542  3329 214080 Dar-Alages     
  40.020     45.780  2800 214090 Porak     
  39.730     46.020  3000 214100 Tskhouk-Karckar     
  15.550     41.830   244 221010 "Tair, Jebel at"   
  15.050     42.180   191 221020 Zubair Group    
  14.020     42.750   624 221021 Zukur     
  13.720     42.730   422 221022 Hanish     
  15.042     39.820   713 221030 Jalua     
  14.880     39.920   904 221040 Alid     
  14.242     40.300   -48 221041 Dallol     
  13.975     40.408   287 221050 Gada Ale    
  13.825     40.508   429 221060 Alu     
  13.792     40.550   613 221070 Dalaffilla     
  13.725     40.600   668 221071 Borale Ale    
  13.600     40.670   613 221080 Erta Ale    
  13.520     40.630  1031 221090 Ale Bagu    
  13.500     40.720   521 221091 Hayli Gubbi    
  13.580     41.808  1625 221100 Dubbi     
  13.370     41.700  2218 221101 Nabro     
  13.270     41.650  1875 221102 Mallahle     
  13.180     41.725  1611 221103 Sork Ale    
  13.070     41.600  1200 221104 Asavyo     
  13.100     41.150   523 221105 Mat Ala    
  13.280     41.070   700 221106 Tat Ali    
  13.300     40.980   812 221107 Borawli     
  13.080     40.850  1295 221110 Afdera     
  13.020     40.200  1815 221111 Ma Alalta    
  12.880     40.570  1501 221112 Alayta     
  12.600     40.480  1442 221113 Dabbahu     
  12.380     40.070  1302 221114 Dabbayra     
  12.170     40.820   600 221115 Manda Hararo    
  11.730     40.250   930 221116 Groppo     
  11.880     41.208   625 221120 Kurub     
  11.630     41.450   875 221121 Borawli     
  12.380     42.200   600 221122 Manda-Inakir     
  12.470     42.400  2028 221123 Mousa Alli    
  12.550     42.530   600 221124 Gufa     
  12.950     42.430   987 221125 Assab Volcanic Field   
  11.580     42.470   298 221126 Ardoukôba     
  11.750     41.480     0 221127 Manda Gargori    
  11.280     41.630  1068 221141 Dama Ali    
  11.080     41.270  1459 221150 Gabillema     
  10.580     41.042  1383 221151 Yangudi     
  10.082     40.702  2145 221160 Ayelu     
  10.070     40.840  1733 221170 Adwa     
   9.780     40.330   900 221171 Hertali     
   9.570     40.280   878 221172 Liado Hayk    
   9.350     40.130  1151 221180 Dofen     
   8.975     39.930  2007 221190 Fentale     
   8.950     39.750  1100 221191 Beru     
   8.800     39.692  1619 221200 Kone     
   8.700     39.630  1300 221201 Unnamed     
   8.558     39.475  2447 221210 Boset-Bericha     
   8.780     38.980  1850 221220 Bishoftu Volcanic Field   
   8.620     38.950  1800 221221 Unnamed     
   8.430     39.350  1765 221222 Sodore     
   8.350     39.180  1984 221230 Gedamsa     
   8.270     39.030  2285 221240 Bora-Bericcio     
   8.158     39.130  2349 221250 Tullu Moje    
   8.070     39.070  1800 221251 Unnamed     
   7.950     38.930  1889 221252 East Zway    
   8.050     38.350  2281 221260 Butajiri-Silti Field    
   7.770     38.780  2335 221270 Alutu     
   7.470     38.580  2075 221280 O'a Caldera    
   7.180     38.430  2320 221290 Corbetti Caldera    
   7.070     38.100  1700 221291 Bilate River Field   
   7.420     35.430  2728 221292 Tepi     
   6.780     37.830  1800 221293 Hobicha Caldera    
   6.650     38.120  1650 221300 Chiracha     
   5.930     37.570  1650 221310 Tosa Sucha    
   5.650     37.670  1200 221311 Unnamed     
   5.100     35.880   912 221320 Korath Range    
   4.080     37.420  1067 221330 Mega Basalt Field   
   4.070     36.050   520 222001 North Island    
   3.500     36.042   550 222010 Central Island    
   2.630     36.600   800 222020 South Island    
   2.320     37.970  1707 222021 Marsabit     
   2.320     36.570  1032 222030 "Barrier, The"    
   1.980     36.430   817 222040 Namarunu     
   1.570     37.900   699 222050 Segererua Plateau    
   1.500     36.330  1328 222051 Emuruangogolak     
   1.150     36.230  1528 222052 Silali     
   0.920     36.180  1697 222053 Paka     
   0.770     36.120  1446 222054 Korosi     
   0.620     36.075  1130 222055 Ol Kokwe    
   0.230     37.870   750 222056 Nyambeni Hills    
  -0.200     36.070  2278 222060 Menengai     
  -0.380     34.500  1751 222070 Homa Mountain    
  -0.520     36.270  2126 222071 Elmenteita Badlands    
  -0.650     36.220  2856 222080 "Eburru, Ol Doinyo"   
  -0.904     36.292  2434 222090 Olkaria     
  -0.914     36.446  2776 222100 Longonot     
  -1.175     36.350  2356 222110 Suswa     
  -2.764     35.914  2962 222120 "Lengai, Ol Doinyo"   
  -2.680     37.880  2188 222130 Chyulu Hills    
  -3.070     37.350  5895 222150 Kilimanjaro     
  -3.250     36.750  4565 222160 Meru     
  -4.891     31.930  1145 222161 Igwisi Hills    
  -8.624     33.583  1690 222162 Unnamed     
  -8.750     33.800  2179 222163 SW Usangu Basin   
  -8.970     33.570  2622 222164 Ngozi     
  -8.930     33.400  1568 222165 Izumbwe-Mpoli     
  -9.130     33.670  2956 222166 Rungwe     
  -9.230     33.780  2175 222170 Kyejo     
   0.250     36.080     0 222803 Bogoria     
   0.700     30.250  1615 223001 Fort Portal    
   0.450     30.250  1430 223002 Kyatwa     
  -0.080     29.920  1067 223003 Katwe-Kikorongo     
  -0.200     30.080  1554 223004 Bunyaruguru     
  -0.471     30.191  1707 223005 Katunga     
  -1.408     29.200  3058 223020 Nyamuragira     
  -1.520     29.250  3470 223030 Nyiragongo     
  -1.500     29.450  4507 223040 Karisimbi     
  -1.470     29.492  3711 223050 Visoke     
  -1.380     29.670  4127 223060 Muhavura     
  -1.230     29.720  2440 223070 Bufumbira     
  -2.320     28.750  1460 223080 Tshibinda     
   0.200      6.580  2024 224001 Sao Tome    
   3.350      8.520  2260 224002 San Carlos    
   3.350      8.630  2009 224003 San Joaquin    
   3.580      8.750  3007 224004 Santa Isabel    
   4.203      9.170  4095 224010 Cameroon     
   4.750      9.670   500 224011 Tombel Graben    
   6.250     10.500  3011 224030 Oku Volcanic Field   
   7.250     13.670     0 224040 Ngaoundere Plateau    
  10.750     12.000     0 224050 Biu Plateau    
  17.680      8.500  1780 225001 Todra Volcanic Field   
  19.830      2.830     0 225002 Tin Zaouatene Volcanic Field  
  23.000     10.830     0 225003 In Ezzane Volcanic Field  
  22.670      5.000  1467 225004 Tahalra Volcanic Field   
  23.330      5.830  2918 225005 Atakor Volcanic Field   
  23.920      5.830  1672 225006 Manzaz Volcanic Field   
  27.250     17.500  1200 225007 Haruj     
  25.050     17.550   547 225008 Wau-en-Namus     
  21.330     16.330  2000 225009 "Toh, Tarso"    
  21.030     16.450  3265 225010 "Tousside, Tarso"    
  20.920     17.280  3100 225020 "Voon, Tarso"    
  19.800     18.530  3415 225021 "Koussi, Emi"    
  12.950     24.270  3042 225030 "Marra, Jebel"    
  14.570     25.850     0 225040 Kutum Volcanic Field   
  15.320     26.470  2000 225050 Meidob Volcanic Field   
  18.330     32.750   670 225060 Bayuda Volcanic Field   
  18.170     33.830     0 225070 "Umm Arafieb, Jebel"   
  36.530     40.850   534 230010 Sharat Kovakab    
  36.670     37.000     0 230020 Unnamed     
  33.100     35.970  1197 230030 Golan Heights    
  33.000     36.630  1050 230040 Unnamed     
  33.250     37.070   979 230050 Es Safa    
  32.658     36.425  1803 230060 "Druze, Jabal ad"   
  31.080     38.420  1100 231001 "Harrah, Al"    
  27.800     36.170  1950 231010 "Rahah, Harrat ar"   
  27.080     37.250  1920 231020 "Uwayrid, Harrat"    
  25.170     37.750  1370 231040 "Lunayyir, Harrat"    
  26.580     40.200  1625 231050 "Ithnayn, Harrat"    
  25.000     39.920  2093 231060 "Khaybar, Harrat"    
  23.080     39.780  1744 231070 "Rahat, Harrat"    
  22.800     41.380  1475 231071 "Kishb, Harrat"    
  18.370     41.630   381 231072 "Birk, Harrat al"   
  17.050     42.830   305 231080 "Yar, Jabal"    
  15.630     44.080  3100 231090 "Arhab, Harra of"   
  15.245     44.236  2506 231100 "Marha, Jabal el-"   
  15.430     44.780  1550 231110 "Haylan, Jabal"    
  14.570     44.670  3500 231120 "Dhamar, Harras of"   
  13.580     46.120  1737 231160 "Sawad, Harra Es-"   
  14.050     48.330   233 231170 "Bal Haf, Harra of"  
  15.550     50.630     0 231180 Bir Borhut    
  39.250     45.170     0 232000 Unnamed     
  37.750     46.430  3707 232001 Sahand     
  38.268     47.835  4784 232002 Sabalan     
  35.951     52.109  5670 232010 Damavand     
  29.400     57.570     0 232020 Qal'eh Hasan Ali   
  28.070     60.000  3490 232030 Bazman     
  28.170     60.670     0 232040 Unnamed     
  28.600     61.130  3940 232050 Taftan     
  33.950     67.920  3800 232060 Dacht-i-Navar Group    
  34.250     67.970  3190 232070 Vakak Group    
  30.479     67.492  2237 232080 Tor Zawar    
 -11.470     43.330  1087 233001 "Grille, La"    
 -12.830     45.170   660 233005 Mayotte Island    
 -11.750     43.380  2361 233010 Karthala     
 -12.600     49.150  1475 233011 Ambre-Bobaomby     
 -13.320     48.480   214 233012 Nosy-Be     
 -14.300     48.670  2878 233013 Ankaizina Field    
 -19.000     46.770  1800 233014 Itasy Volcanic Field   
 -19.400     47.200  2644 233015 Ankaratra Field    
 -21.244     55.708  2632 233020 "Fournaise, Piton de la"  
 -37.721     77.825  -650 234000 Boomerang Seamount    
 -37.830     77.520   881 234001 Amsterdam Island    
 -38.720     77.530   268 234002 St. Paul    
 -53.106     73.513  2745 234010 Heard     
 -53.030     72.600   230 234011 McDonald Islands    
 -49.580     69.500  1840 234020 Kerguelen Islands    
 -46.430     52.200  1090 234030 "Est, Ile de l'"  
 -46.420     51.750   934 234040 "Possession, Ile de la"  
 -46.100     50.230   775 234050 "Cochons, Ile aux"   
 -46.630     37.950   672 234060 Prince Edward Island   
 -46.900     37.750  1230 234070 Marion Island    
 -35.300    173.900   388 241010 Kaikohe-Bay of Islands   
 -35.750    174.270   397 241011 Whangarei     
 -36.900    174.870   260 241020 Auckland Field    
 -37.280    176.250   355 241021 Mayor Island    
 -39.300    174.070  2518 241030 Taranaki [Egmont]    
 -37.520    177.180   321 241040 White Island    
 -38.120    176.500  1111 241050 Okataina     
 -38.420    176.330   592 241060 Reporoa     
 -38.420    176.080   897 241061 Maroa     
 -38.820    176.000   760 241070 Taupo     
 -39.157    175.632  1978 241080 Tongariro     
 -39.280    175.570  2797 241100 Ruapehu     
 -36.446    177.839  -860 241101 Clark     
 -36.321    178.028  -600 241102 Tangaroa     
 -36.142    178.196  -400 241110 Rumble V    
 -36.130    178.050  -500 241120 Rumble IV    
 -35.745    178.478  -220 241130 Rumble III    
 -35.353    178.527 -1200 241131 Rumble II West   
 -35.004    178.973  -980 241140 Healy     
 -34.875    179.075 -1350 241150 Brothers     
 -37.858    176.980   354 241815 Moutohora Island    
 -38.080    176.270   757 241816 Rotorua     
 -31.850   -179.180  -900 242001 Volcano W    
 -31.110    179.040  -720 242005 Havre Seamount    
 -30.542   -178.561   137 242010 Curtis Island    
 -30.200   -178.470   238 242021 Macauley Island    
 -30.036   -178.712   -65 242022 Giggenbach     
 -29.270   -177.920   516 242030 Raoul Island    
 -25.887   -177.188  -132 242050 Monowai Seamount    
 -24.800   -177.020  -385 243001 Unnamed     
 -21.380   -175.650  -500 243010 Unnamed     
 -21.150   -175.750   -65 243011 Unnamed     
 -20.850   -175.530   -13 243030 Unnamed     
 -20.570   -175.380   149 243040 Hunga Tonga-Hunga Ha'apai   
 -20.320   -175.420   -17 243050 Falcon Island    
 -19.750   -175.070   515 243060 Tofua     
 -19.670   -175.030  1030 243061 Kao     
 -19.180   -174.870    43 243070 Metis Shoal    
 -18.992   -174.775   -10 243080 Home Reef    
 -18.806   -174.650   540 243090 Late     
 -18.325   -174.365   -40 243091 Unnamed     
 -18.020   -174.325   180 243100 Fonualei     
 -15.850   -173.720   560 243101 Tafahi     
 -15.620   -173.670   -33 243102 Curacoa     
 -15.600   -175.630   260 243110 Niuafo'ou     
 -15.431   -175.725 -1170 243111 Dugong     
 -15.333   -176.283 -1500 243112 Lobster     
 -15.370   -174.230 -1400 243120 Tafu-Maka     
 -15.100   -173.750 -1174 243130 West Mata    
 -15.379   -174.003 -1270 243140 Niuatahi     
 -14.215   -169.058  -592 244000 Vailulu'u     
 -14.230   -169.454   931 244001 Ta'u     
 -14.175   -169.618   639 244010 Ofu-Olosega     
 -14.295   -170.700   653 244020 Tutuila     
 -13.935   -171.720  1100 244030 Upolu     
 -13.612   -172.525  1858 244040 Savai'i     
 -13.300   -176.170   143 244050 Wallis Islands    
 -16.820   -179.970  1241 245010 Taveuni     
 -17.320    179.400   522 245020 Koro     
 -19.120    177.980   805 245030 Nabukelevu     
  -2.380    147.350   270 250010 St. Andrew Strait   
  -2.570    147.280   254 250020 Baluan     
  -3.030    147.780 -1300 250030 Unnamed     
  -3.507    144.605   402 251001 Blup Blup    
  -3.630    144.631   365 251002 Kadovar     
  -3.613    144.818   685 251010 Bam     
  -3.994    144.963   240 251011 Boisa     
  -4.080    145.037  1807 251020 Manam     
  -4.649    145.964  1839 251030 Karkar     
  -4.311    146.256 -2000 251040 Unnamed     
  -4.900    146.750     0 251041 Yomba     
  -5.358    147.120  1280 251050 Long Island    
  -5.589    147.875  1548 251060 Umboi     
  -5.520    148.121   140 251070 Ritter Island    
  -5.414    148.094   992 251080 Sakar     
  -5.200    148.570     0 252001 Unnamed     
  -5.525    148.420  1330 252010 Langila     
  -4.630    149.350   179 252021 Mundua     
  -4.692    149.500   368 252030 Garove     
  -5.056    150.108   400 252040 Dakataua     
  -5.150    150.030  1155 252050 Bola     
  -5.300    150.070   565 252060 Garua Harbour    
  -5.450    150.030   564 252070 Garbuna Group    
  -5.468    150.507   805 252071 Lolo     
  -5.580    150.520   742 252080 Witori     
  -5.500    150.942   610 252090 Sulu Range    
  -5.330    151.100  1148 252100 Hargy     
  -5.200    151.230  2248 252110 Bamus     
  -5.050    151.330  2334 252120 Ulawun     
  -4.920    151.158   858 252130 Lolobau     
  -4.271    152.203   688 252140 Rabaul     
  -4.120    152.200   200 252150 Tavui     
  -4.550    149.125   307 252801 Narage     
  -5.900    143.150  3568 253000 Doma Peaks    
  -6.580    145.080  3233 253001 Crater Mountain    
  -7.050    145.858  3384 253002 Yelia     
  -7.330    146.708  1500 253003 Koranga     
  -9.200    147.570   850 253004 Madilogo     
  -8.950    148.150  1680 253010 Lamington     
  -9.000    148.370  1915 253011 Hydrographers Range    
  -9.080    148.330  1342 253021 Managlase Plateau    
  -9.200    149.070  1925 253030 Victory     
  -9.480    149.130   370 253031 Sessagara     
  -9.570    149.075   640 253040 Waiowa     
  -9.480    150.350   220 253041 Goodenough     
  -9.520    150.530   200 253050 Iamalele     
  -9.620    150.880   500 253060 Dawson Strait Group   
  -3.125    152.642   700 254010 Lihir     
  -4.080    153.650   450 254020 Ambitle     
  -3.500    153.220   472 254801 Tanga     
  -5.830    154.930  2200 255000 Tore     
  -5.920    154.980  2715 255010 Balbi     
  -6.092    155.225  1544 255011 Billy Mitchell    
  -6.137    155.196  1855 255020 Bagana     
  -6.442    155.608  2210 255021 Takuan Group    
  -6.520    155.620  1887 255030 Loloru     
  -8.292    156.520   335 255050 Simbo     
  -8.750    157.030  -700 255052 Kana Keoki    
  -8.830    157.170     0 255053 Coleman Seamount    
  -9.020    157.950   -20 255060 Kavachi     
  -8.920    158.030  -240 255061 Unnamed     
  -9.350    159.730  1000 255062 Gallego     
  -9.130    159.820   485 255070 Savo     
  -7.670    156.600   760 255803 Nonda     
 -10.380    165.800   851 256010 Tinakula     
 -13.670    167.670   411 257001 Motlav     
 -13.800    167.470   921 257010 Suretamatai     
 -14.270    167.500   797 257020 Gaua     
 -14.450    168.050  1028 257021 Mere Lava    
 -15.400    167.830  1496 257030 Aoba     
 -16.250    168.120  1334 257040 Ambrym     
 -16.507    168.346  1413 257050 Lopevi     
 -16.680    168.370   833 257060 Epi     
 -16.829    168.536    -2 257070 Kuwae     
 -16.992    168.592   216 257080 Unnamed     
 -17.470    168.353   594 257081 North Vate    
 -18.750    169.230   837 257090 Traitor's Head    
 -19.530    169.442   361 257100 Yasur     
 -20.200    169.780   852 257110 Aneityum     
 -20.980    170.280   -80 258001 Eastern Gemini Seamount   
 -22.330    171.320   177 258010 Matthew Island    
 -22.400    172.050   297 258020 Hunter Island    
 -25.780    168.630 -2400 258030 Unnamed     
 -37.770    142.500  1011 259010 Newer Volcanics Province   
  13.430     94.280   710 260001 Narcondum     
  12.278     93.858   354 260010 Barren Island    
   5.448     95.658  1810 261020 Seulawah Agam    
   4.914     96.329  2801 261030 Peuet Sague    
   4.769     96.821  2617 261050 "Telong, Bur ni"   
   3.230     98.520  2212 261070 Sibayak     
   3.170     98.392  2460 261080 Sinabung     
   2.580     98.830  2157 261090 Toba     
   2.158     98.930  1505 261101 Imun     
   1.556     99.255  1819 261110 Sibualbuali     
   1.478     99.209  1862 261111 Lubukraya     
   0.686     99.539  2145 261120 Sorikmarapi     
   0.470     99.670  1983 261121 Malintang     
   0.079     99.980  2919 261130 Talakmau     
   0.080    100.200     0 261131 Sarik-Gajah     
  -0.381    100.473  2891 261140 Marapi     
  -0.433    100.317  2438 261150 Tandikat     
  -0.978    100.679  2597 261160 Talang     
  -1.697    101.264  3800 261170 Kerinci     
  -2.274    101.483  2151 261171 Kunyit     
  -2.330    101.600  2021 261172 Hutapanjang     
  -2.414    101.728  2507 261180 Sumbing     
  -2.820    102.020     0 261191 Pendan     
  -2.820    102.180  1958 261200 Belirang-Beriti     
  -3.380    102.370  2467 261210 "Daun, Bukit"    
  -3.520    102.620  1952 261220 Kaba     
  -4.030    103.130  3173 261230 Dempo     
  -4.270    103.300  2817 261231 Patah     
  -4.220    103.620  2055 261240 "Lumut Balai, Bukit"   
  -4.430    103.670  1899 261250 Besar     
  -4.830    103.920  1881 261251 Ranau     
  -5.120    104.320  1719 261260 Sekincau Belirang    
  -5.250    104.270  1000 261270 Suoh     
  -5.350    104.600  1040 261280 Hulubelu     
  -5.780    105.625  1281 261290 Rajabasa     
   5.820     95.280   617 261800 Pulau Weh    
   4.813     96.820  2885 261809 Geureudong     
   3.850     97.664  2245 261810 Kembar     
  -6.102    105.423   813 262000 Krakatau     
  -6.342    105.975  1346 263010 Pulosari     
  -6.270    106.042  1778 263020 Karang     
  -6.750    106.700  1699 263040 Perbakti-Gagak     
  -6.720    106.730  2211 263050 Salak     
  -6.780    106.980  2958 263060 Gede     
  -7.160    107.400  2434 263070 Patuha     
  -7.208    107.630  2182 263080 Wayang-Windu     
  -7.130    107.650  2343 263081 Malabar     
  -6.770    107.600  2084 263090 Tangkubanparahu     
  -7.320    107.730  2665 263100 Papandayan     
  -7.230    107.720  2608 263110 Kendang     
  -7.143    107.840  2249 263130 Guntur     
  -6.770    107.950  1684 263131 Tampomas     
  -7.250    108.058  2168 263140 Galunggung     
  -7.208    108.070  2201 263150 Talagabodas     
  -6.892    108.400  3078 263170 Cereme     
  -7.242    109.208  3428 263180 Slamet     
  -7.200    109.920  2565 263200 Dieng Volcanic Complex   
  -7.300    109.992  3136 263210 Sundoro     
  -7.384    110.070  3371 263220 Sumbing     
  -7.180    110.330  2050 263230 Ungaran     
  -7.370    110.400  1894 263231 Telomoyo     
  -7.450    110.430  3145 263240 Merbabu     
  -7.542    110.442  2968 263250 Merapi     
  -6.620    110.880  1625 263251 Muria     
  -7.625    111.192  3265 263260 Lawu     
  -7.808    111.758  2563 263270 Wilis     
  -7.930    112.308  1731 263280 Kelut     
  -7.920    112.450  2651 263281 Kawi-Butak     
  -7.725    112.580  3339 263290 Arjuno-Welirang     
  -7.620    112.630  1653 263291 Penanggungan     
  -8.020    112.680   680 263292 Malang Plain    
  -8.108    112.920  3676 263300 Semeru     
  -7.942    112.950  2329 263310 Tengger Caldera    
  -7.979    113.342  1651 263320 Lamongan     
  -7.730    113.580   539 263321 Lurus     
  -7.970    113.570  3088 263330 Iyang-Argapura     
  -8.125    114.042  3332 263340 Raung     
  -8.058    114.242  2799 263350 Ijen     
  -7.850    114.370  1247 263351 Baluran     
  -7.125    107.800  1730 263805 "Kamojang, Kawah"    
  -8.280    115.130  2276 264001 Bratan     
  -8.242    115.375  1717 264010 Batur     
  -8.342    115.508  3142 264020 Agung     
  -8.420    116.470  3726 264030 Rinjani     
  -8.250    118.000  2850 264040 Tambora     
  -8.200    119.070  1949 264050 Sangeang Api    
  -8.720    120.020   903 264060 "Sano, Wai"    
  -8.680    120.480  1675 264070 Poco Leok    
  -8.620    120.520  2350 264071 Ranakah     
  -8.875    120.950  2245 264080 Inierie     
  -8.730    120.980  1559 264090 Inielika     
  -8.820    121.180  2124 264100 Ebulobo     
  -8.897    121.645   637 264110 Iya     
  -8.792    121.770  1500 264120 Sukaria Caldera    
  -8.770    121.820  1639 264140 Kelimutu     
  -8.320    121.708   875 264150 Paluweh     
  -8.670    122.450  1703 264160 Egon     
  -8.478    122.671  1100 264170 Ilimuda     
  -8.542    122.775  1703 264180 Lewotobi     
  -8.358    122.842  1117 264200 Leroboleng     
  -8.342    123.258  1659 264220 Iliboleng     
  -8.272    123.505  1423 264230 Lewotolo     
  -8.550    123.380  1018 264240 Ililabalekan     
  -8.530    123.570  1018 264250 Iliwerung     
  -7.792    123.579   748 264260 "Tara, Batu"    
  -8.508    124.130   862 264270 Sirung     
  -8.301    122.907   823 264800 Ilikedeka     
  -6.642    126.650   282 265030 Gunungapi Wetar    
  -7.125    128.675   868 265040 Wurlali     
  -6.920    129.125   655 265050 Teon     
  -6.730    129.500   781 265060 Nila     
  -6.300    130.000   641 265070 Serua     
  -5.530    130.292   282 265080 Manuk     
  -4.525    129.871   640 265090 Banda Api    
  -0.170    121.608   507 266010 Colo [Una Una]   
   0.750    124.420  1795 266020 Ambang     
   1.108    124.730  1784 266030 Soputan     
   1.130    124.758  1549 266040 Sempu     
   1.230    124.830  1202 266070 Tondano Caldera    
   1.358    124.792  1580 266100 Lokon-Empung     
   1.358    124.858  1324 266110 Mahawu     
   1.470    125.030  1995 266120 Klabat     
   1.520    125.200  1149 266130 Tongkoko     
   2.300    125.370   725 267010 Ruang     
   2.780    125.400  1784 267020 Karangetang [Api Siau]   
   3.138    125.491    -5 267030 Banua Wuhu    
   3.670    125.500  1320 267040 Awu     
   1.830    127.830   318 268001 Tarakan     
   1.680    127.880  1335 268010 Dukono     
   1.630    127.670  1035 268020 Tobaru     
   1.488    127.630  1325 268030 Ibu     
   1.380    127.530  1635 268040 Gamkonora     
   1.250    127.470   979 268050 Todoko-Ranu     
   1.080    127.420  1130 268051 Jailolo     
   0.900    127.320   630 268052 Hiri     
   0.800    127.330  1715 268060 Gamalama     
   0.658    127.400  1730 268061 Tidore     
   0.570    127.400   308 268062 Mare     
   0.450    127.400   950 268063 Moti     
   0.320    127.400  1357 268070 Makian     
   0.070    127.420   422 268071 Tigalalu     
  -0.530    127.480  1030 268072 Amasing     
  -0.770    127.720   900 268073 Bibinoi     
   4.400    117.880   531 269010 Bombalai     
   6.013    121.057   811 270010 Jolo     
   5.400    125.375   862 271010 Balut     
   6.113    124.892  1824 271011 Parker     
   6.370    125.070  2286 271020 Matutum     
   6.989    125.269  2938 271030 Apo     
   7.382    126.047  1080 271031 Leonard Range    
   7.647    124.320  1940 271040 Makaturing     
   7.650    124.450  2338 271050 Latukan     
   7.700    124.500  2815 271060 Ragang     
   7.950    124.800  2824 271061 Kalatungan     
   7.877    125.068   646 271070 Musuan     
   8.220    123.630  2404 271071 Malindang     
   8.770    124.980  2450 271072 Balatukan     
   9.203    124.673  1552 271080 Camiguin     
   9.593    125.520   524 271090 Paco     
   9.250    123.170  1862 272010 Cuernos de Negros   
  10.412    123.132  2435 272020 Kanlaon     
  10.650    123.250  1885 272030 Mandalagan     
  10.770    123.230  1510 272040 Silay     
  10.287    125.221   945 272050 Cabalían     
  10.896    124.870   860 272070 Mahagnao     
  11.523    124.535  1301 272080 Biliran     
  12.770    124.050  1565 273010 Bulusan     
  13.050    123.958  1102 273020 Pocdol Mountains    
  13.257    123.685  2462 273030 Mayon     
  13.320    123.600  1328 273031 Masaraga     
  13.457    123.457  1196 273041 Iriga     
  13.658    123.380  1966 273042 Isarog     
  13.240    122.018  1157 273044 Malindig     
  14.070    121.480  2158 273050 Banahaw     
  14.120    121.300  1090 273060 San Pablo Volcanic Field  
  14.002    120.993   311 273070 Taal     
  14.420    121.270   743 273080 Laguna Caldera    
  14.520    120.470  1388 273081 Mariveles     
  14.720    120.400  1253 273082 Natib     
  15.130    120.350  1486 273083 Pinatubo     
  15.200    120.742  1026 273084 Arayat     
  15.828    120.805   376 273085 Amorong     
  16.330    120.550  2260 273086 Santo Tomas    
  17.147    120.980  1865 273087 Patoc     
  17.320    121.100  2329 273088 Ambalatungan Group    
  18.222    122.123  1133 273090 Cagua     
  13.416    123.608  1548 273801 Malinao     
  14.020    122.792  1544 273804 Labo     
  13.723    120.893   501 273806 Panay     
  18.830    121.860   712 274010 Camiguin de Babuyanes   
  19.077    122.202   228 274020 Didicas     
  19.523    121.940  1080 274030 Babuyan Claro    
  20.330    121.750   -24 274050 Unnamed     
  20.469    122.010  1009 274060 Iraya     
  19.700    110.100     0 275001 Hainan Dao    
  20.780    110.170   259 275010 Leizhou Bandao    
  15.380    109.120   181 275020 Cu-Lao Re Group   
  14.930    108.000   800 275030 Toroeng Prong    
  11.600    108.200  1000 275040 Haut Dong Nai   
  10.800    107.200   392 275050 Bas Dong Nai   
  10.158    109.014   -20 275060 "Cendres, Ile des"   
   9.830    109.050     0 275070 Veteran     
  20.920     95.250  1518 275080 Popa     
  22.280     95.100   385 275090 Lower Chindwin    
  22.700     95.980   507 275100 Singu Plateau    
  25.230     98.500  2865 275110 Tengchong     
  21.830    121.180  -115 281020 Unnamed     
  24.000    121.830     0 281030 Unnamed     
  24.850    121.920   401 281031 Kueishantao     
  25.170    121.520  1120 281032 Tatun Group    
  25.400    122.200  -100 281040 Unnamed     
  26.180    122.458  -418 281050 Zengyu     
  25.630    122.070   129 281805 Pengchiahsu     
  24.570    123.930  -200 282010 Submarine Volcano NNE of Iriomotejima 
  27.881    128.223   212 282020 Io-Torishima     
  28.797    128.997   495 282021 Yokoate-jima     
  29.461    129.597   584 282022 Akuseki-jima     
  29.638    129.714   796 282030 Suwanosejima     
  29.859    129.857   979 282040 Nakanoshima     
  29.879    129.625   301 282041 Kogaja-jima     
  29.968    129.926   628 282043 Kuchinoshima     
  30.443    130.217   657 282050 Kuchinoerabujima     
  30.789    130.308   704 282060 Kikai     
  31.220    130.570   924 282070 Ibusuki Volcanic Field   
  31.593    130.657  1117 282080 Aira     
  31.771    130.592    40 282081 Yonemaru-Sumiyoshiike     
  31.934    130.862  1700 282090 Kirishimayama     
  32.657    128.849   315 282091 Fukue     
  32.761    130.299  1483 282100 Unzendake     
  32.884    131.104  1592 282110 Asosan     
  33.086    131.249  1791 282120 Kujusan     
  33.282    131.390  1584 282130 Yufu-Tsurumi     
  34.500    131.600   641 283001 Abu     
  35.139    132.621  1126 283002 Sanbesan     
  36.176    133.334   151 283003 Oki-Dogo     
  34.900    139.098  1406 283010 Izu-Tobu     
  35.233    139.021  1438 283020 Hakoneyama     
  35.361    138.728  3776 283030 Fujisan     
  36.087    138.320  2480 283031 Yokodake     
  35.893    137.480  3067 283040 Ontakesan     
  36.155    136.771  2702 283050 Hakusan     
  36.106    137.554  3026 283060 Norikuradake     
  36.200    137.573  2109 283069 Akandanayama     
  36.227    137.587  2455 283070 Yakedake     
  36.408    137.594  2924 283071 Washiba-Kumonotaira     
  36.571    137.590  2621 283080 Midagahara     
  36.921    138.036  2400 283090 Niigata-Yakeyama     
  36.891    138.114  2454 283100 Myokosan     
  36.406    138.523  2568 283110 Asamayama     
  36.618    138.528  2165 283120 Kusatsu-Shiranesan     
  36.688    138.519  2041 283121 Shiga     
  36.477    138.851  1449 283122 Harunasan     
  36.560    139.193  1828 283130 Akagisan     
  36.955    139.285  2356 283131 Hiuchigatake     
  36.799    139.376  2578 283140 Nikko-Shiranesan     
  36.762    139.494  2486 283141 Nantai     
  36.792    139.510  2367 283142 Omanago Group    
  36.900    139.777  1795 283143 Takaharayama     
  37.125    139.963  1915 283150 Nasudake     
  37.444    139.566   835 283151 Numazawa     
  37.601    140.072  1816 283160 Bandaisan     
  37.647    140.281  1728 283170 Adatarayama     
  37.735    140.244  1949 283180 Azumayama     
  38.144    140.440  1841 283190 Zaozan     
  38.599    140.162   552 283191 Hijiori     
  38.729    140.734   470 283200 Naruko     
  38.961    140.788  1627 283210 Kurikomayama     
  39.099    140.049  2236 283220 Chokaisan     
  39.761    140.799  1637 283230 Akita-Komagatake     
  39.853    141.001  2038 283240 Iwatesan     
  39.958    140.854  1613 283250 Hachimantai     
  39.964    140.757  1366 283260 Akita-Yakeyama     
  39.950    139.730   291 283262 Megata     
  40.656    140.303  1625 283270 Iwakisan     
  40.510    140.880  1011 283271 Towada     
  40.659    140.877  1585 283280 Hakkodasan     
  41.276    141.124   878 283290 Osorezan     
  38.830    140.695   769 283879 Onikobe     
  41.436    141.056   781 283892 Mutsu-Hiuchi-dake     
  34.724    139.394   758 284010 Izu-Oshima     
  34.520    139.279   508 284011 Toshima     
  34.397    139.270   432 284020 Niijima     
  34.219    139.153   572 284030 Kozushima     
  34.094    139.526   775 284040 Miyakejima     
  33.874    139.602   851 284041 Mikurajima     
  33.400    139.680  -107 284042 Kurose Hole    
  33.137    139.766   854 284050 Hachijojima     
  32.458    139.759   423 284060 Aogashima     
  32.100    139.850  -360 284061 Kita-Bayonnaise     
  31.888    139.918    11 284070 Myojinsho     
  31.440    140.051   136 284080 Sumisujima     
  30.484    140.303   394 284090 Izu-Torishima     
  29.794    140.342    99 284091 Sofugan     
  28.600    140.630 -1418 284093 Suiyo Seamount    
  28.320    140.570  -920 284094 Mokuyo Seamount    
  27.680    140.800  -860 284095 Doyo Seamount    
  27.247    140.874    25 284096 Nishinoshima     
  26.667    140.929  -165 284097 Kaikata Seamount    
  29.233    140.754   -95 284100 Kaitoku Seamount    
  25.424    141.284   792 284110 Kita-Ioto     
  24.751    141.289   169 284120 Ioto     
  24.417    141.417   -73 284121 Kita-Fukutokutai     
  24.285    141.481   -29 284130 Fukutoku-Oka-no-Ba     
  23.500    141.935  -107 284131 Minami-Hiyoshi     
  23.078    142.326  -392 284132 Nikko     
  21.930    143.470  -217 284133 Fukujin     
  21.765    143.710  -598 284134 Kasuga     
  21.600    143.637  -274 284135 Minami Kasuga    
  21.485    144.043 -1535 284136 NW Eifuku    
  21.324    144.194  -323 284137 Daikoku     
  20.538    144.896   360 284140 Farallon de Pajaros   
  20.420    145.030   -75 284141 Ahyi     
  20.130    145.100    -8 284142 Supply Reef    
  20.020    145.220   227 284143 Maug Islands    
  19.671    145.406   857 284150 Asuncion     
  18.770    145.670   965 284160 Agrigan     
  18.130    145.800   570 284170 Pagan     
  17.600    145.830   744 284180 Alamagan     
  17.307    145.845   287 284190 Guguan     
  16.880    145.850     0 284191 Zealandia Bank    
  16.708    145.780   538 284192 Sarigan     
  16.580    145.780  -184 284193 South Sarigan Seamount   
  16.350    145.670   790 284200 Anatahan     
  15.930    145.670  -127 284201 East Diamante    
  15.620    145.570  -230 284202 Ruby     
  15.000    145.250   -43 284210 Esmeralda Bank    
  14.601    144.775  -517 284211 NW Rota-1    
  13.400    143.920     0 284220 Forecast Seamount    
  13.250    144.020 -1230 284230 Seamount X    
  41.510    139.367   732 285010 Oshima-Oshima     
  41.805    141.166   618 285011 Esan     
  42.063    140.677  1131 285020 Hokkaido-Komagatake     
  42.544    140.839   733 285030 Toya     
  42.880    140.630  1308 285031 Niseko     
  42.827    140.811  1898 285032 Yoteizan     
  42.491    141.160   549 285034 Kuttara     
  42.688    141.380  1320 285040 Shikotsu     
  45.179    141.242  1721 285041 Rishirizan     
  43.418    142.686  2077 285050 Tokachidake     
  43.664    142.854  2291 285060 Taisetsuzan     
  43.453    143.036  2013 285061 Maruyama     
  43.312    143.096  1401 285062 Shikaribetsu Group    
  43.384    144.013  1499 285070 Akan     
  43.608    144.443   574 285080 Kussharo     
  43.572    144.561   857 285081 Mashu     
  44.076    145.122  1660 285082 Rausudake     
  44.044    145.086  1046 285083 Tenchozan     
  44.133    145.161  1562 285090 Shiretoko-Iozan     
  42.120    140.450   356 285805 Nigorikawa     
  43.844    145.504   535 290010 Tomariyama [Golovnin]    
  43.979    145.733   882 290020 Raususan [Mendeleev]    
  44.454    146.139  1486 290021 Ruruidake [Smirnov]    
  44.353    146.252  1822 290030 Chachadake [Tiatia]    
  44.462    146.932  1221 290040 Berutarubesan [Berutarube]    
  44.608    146.994   528 290041 Moekeshiwan [Lvinaya Past]   
  44.808    147.131  1206 290050 Etorofu-Atosanupuri [Atosanupuri]    
  44.833    147.342  1634 290060 Nishihitokappuyama [Bogatyr Ridge]   
  45.030    147.208  -930 290061 Unnamed     
  45.012    147.871  1158 290070 Etorofu-Yakeyama [Grozny Group]   
  45.026    147.922  1208 290072 Odamoisan [Tebenkov]    
  45.100    148.019  1125 290080 Sashiusudake [Baransky]    
  45.338    147.920  1587 290090 Chirippusan [Chirip]    
  45.250    148.350   442 290091 Rucharuyama [Golets-Tornyi Group]   
  45.389    148.838  1124 290100 Moyorodake [Medvezhia]    
  45.500    148.850  1205 290110 Rakkibetsudake [Demon]    
  45.770    149.680  1426 290111 Ivao Group    
  45.880    149.830   542 290112 Rudakov     
  45.930    149.920   998 290113 Tri Sestry    
  46.042    150.050  1328 290120 Kolokol Group    
  46.525    150.875   742 290150 Chirpoi     
  46.470    151.280  -502 290160 Unnamed     
  46.820    151.780  1540 290161 Milne     
  46.830    151.750   891 290170 Goriaschaia Sopka    
  46.925    151.950   624 290180 Zavaritzki Caldera    
  47.020    152.120  1360 290190 Prevo Peak    
  47.120    152.250   678 290191 Urataman     
  47.350    152.475  1172 290200 Ketoi     
  47.520    152.800   401 290210 Ushishur     
  47.600    152.920    36 290211 Srednii     
  47.770    153.020   956 290220 Rasshua     
  48.080    153.330  -150 290230 Unnamed     
  48.092    153.200  1446 290240 Sarychev Peak    
  48.292    153.250   551 290250 Raikoke     
  48.980    153.480   724 290260 Chirinkotan     
  48.958    153.930  1170 290270 Ekarma     
  48.875    154.175   934 290290 Sinarka     
  49.120    154.508  1145 290300 Kharimkotan     
  49.350    154.700  1325 290310 Tao-Rusyr Caldera    
  49.570    154.808  1018 290320 Nemo Peak    
  50.200    154.980   761 290331 Shirinki     
  50.267    155.246  1742 290340 Fuss Peak    
  50.148    155.373  1326 290350 Karpinsky Group    
  50.324    155.461  1781 290360 Chikurachki     
  50.550    155.970  1183 290370 Vernadskii Ridge    
  50.686    156.014  1103 290380 Ebeko     
  50.861    155.565  2285 290390 Alaid     
  48.750    154.020   828 290808 Kuntomintar     
  51.100    156.720   503 300001 Mashkovtsev     
  51.306    156.875  2116 300010 Kambalny     
  51.356    156.753  1822 300020 Koshelev     
  51.570    156.600   705 300021 Yavinsky     
  51.452    156.978  1040 300022 Diky Greben    
  51.450    157.120    81 300023 Kurile Lake    
  51.498    157.203  1555 300030 Iliinsky     
  51.577    157.328  1926 300040 Zheltovsky     
  51.650    157.350   900 300041 Kell     
  51.750    157.270   892 300042 Belenkaya     
  51.844    157.572  1005 300050 Ksudach     
  51.880    157.380   562 300051 Ozernoy     
  52.020    157.530   681 300052 Olkoviy Volcanic Group   
  52.062    157.711  2039 300053 Khodutka     
  52.113    157.849  1322 300054 Piratkovsky     
  52.146    157.322   719 300055 Ostanets     
  52.220    157.428   791 300056 Otdelniy     
  52.263    157.787   858 300057 Golaya     
  52.355    157.827  1910 300058 Asacha     
  52.430    157.930  1234 300059 Visokiy     
  52.449    158.196  2288 300060 Mutnovsky     
  52.559    158.030  1799 300070 Gorely     
  52.543    157.339  2439 300080 Opala     
  52.570    157.020   610 300081 Unnamed     
  52.630    157.580  1021 300082 Tolmachev Dol    
  52.700    158.280  2173 300083 Vilyuchik     
  52.823    158.270   870 300084 Barkhatnaya Sopka    
  52.920    158.520   450 300085 Unnamed     
  52.880    158.300   700 300086 Unnamed     
  52.900    157.780  1200 300087 Bolshe-Bannaya     
  53.321    158.712  3430 300090 Koryaksky     
  53.256    158.836  2717 300100 Avachinsky     
  53.637    158.922  2285 300110 Dzenzursky     
  53.589    159.150  2899 300120 Zhupanovsky     
  53.750    158.450   520 300121 Veer     
  53.830    158.050  1150 300122 Kostakan     
  53.905    158.070  2278 300123 Bakening     
  53.905    158.385  1567 300124 Zavaritsky     
  53.980    159.450  1180 300125 Akademia Nauk    
  54.049    159.443  1513 300130 Karymsky     
  54.135    159.674  1527 300140 Maly Semyachik    
  54.320    160.020  1720 300150 Bolshoi Semiachik    
  54.528    159.804  2301 300160 Taunshits     
  54.500    159.970  1617 300170 Uzon     
  54.489    160.251  1506 300180 Kikhpinych     
  54.596    160.270  1816 300190 Krasheninnikov     
  54.753    160.533  3482 300200 Kronotsky     
  54.920    160.630  2020 300201 Schmidt     
  54.974    160.703  2539 300210 Gamchen     
   5.033    160.725  2065 300220 Komarov     
  55.064    160.765  2129 300221 Vysoky     
  55.131    160.320  2334 300230 Kizimen     
  55.920    161.750     0 300232 Unnamed     
  55.832    160.326  3611 300240 Tolbachik     
  55.755    160.527  2923 300241 Udina     
  55.862    160.603  3081 300242 Zimina     
  55.972    160.595  2882 300250 Bezymianny     
  56.020    160.593  4585 300251 Kamen     
  56.056    160.642  4754 300260 Klyuchevskoy     
  56.113    160.509  3943 300261 Ushkovsky     
  56.653    161.360  3283 300270 Sheveluch     
  55.420    167.330  -300 300271 Piip     
  54.761    157.407  1967 300272 Khangar     
  55.550    157.470  1868 300273 Cherpuk Group    
  55.678    157.718  3596 300280 Ichinsky     
  55.820    157.980  1802 300290 Maly Payalpan    
  55.880    157.780  1906 300300 Bolshoi Payalpan    
  55.200    158.470  1236 300310 Plosky     
  55.430    158.650  1956 300320 Akhtang     
  55.580    158.380  2016 300330 Kozyrevsky     
  55.650    158.800  1442 300340 Romanovka     
  56.080    158.380  1692 300350 Uksichan     
  56.470    157.800  1401 300360 Bolshoi-Kekuknaysky     
  56.370    158.370   915 300370 Kulkev     
  56.330    158.670  1170 300380 Geodesistoy     
  56.320    158.830  1828 300390 Anaun     
  56.370    159.030  1554 300400 Krainy     
  56.400    158.850  1377 300410 Kekurny     
  56.570    158.520  1046 300420 Eggella     
  56.820    158.950  1185 300430 Unnamed     
  56.520    159.530  1400 300440 Verkhovoy     
  56.700    159.650  2598 300450 Alney-Chashakondzha     
  56.820    159.670  1778 300460 Cherny     
  56.850    159.800  1427 300470 Pogranychny     
  56.880    159.950  1349 300480 Zaozerny     
  56.970    159.780  1244 300490 Bliznets     
  57.100    159.930  1527 300500 Kebeney     
  57.130    160.400   965 300510 Fedotych     
  57.150    161.080   379 300511 Shisheika     
  57.200    159.830   765 300512 Terpuk     
  57.270    160.080  1241 300520 Sedankinsky     
  57.300    159.830  1333 300530 Leutongey     
  57.320    159.970  1533 300540 Tuzovsky     
  57.330    160.200  2125 300550 Gorny Institute    
  57.350    160.970   583 300551 Kinenin     
  57.350    161.370   265 300552 Bliznetsy     
  57.400    160.100  1559 300560 Titila     
  57.470    160.250  1641 300570 Mezhdusopochny     
  57.450    160.370  2525 300580 Shishel     
  57.550    160.530  1381 300590 Elovsky     
  57.700    160.400  1853 300600 Alngey     
  57.700    160.580  1643 300610 Uka     
  57.800    160.670  1582 300620 Kaileney     
  57.830    160.250  1255 300630 Plosky     
  57.880    160.530  2080 300640 Bely     
  57.970    160.650  1764 300650 Nylgimelkin     
  58.020    160.800  2169 300660 Snezhniy     
  58.080    160.770  2300 300670 Iktunup     
  58.130    160.820  2171 300671 Spokoiny     
  58.180    160.820  2552 300680 Ostry     
  58.200    160.970  2169 300690 Snegovoy     
  58.280    160.870  1936 300700 Severny     
  58.400    161.080  1340 300710 Iettunup     
  58.370    160.620  1225 300720 Voyampolsky     
  47.000    137.500     0 302010 Sikhote-Alin     
  56.280    117.770  2180 302030 Udokan Plateau    
  53.700    113.300  1250 302040 Vitim Plateau    
  51.500    102.500  1200 302050 Tunkin Depression    
  52.700     98.980  2077 302060 Jom-Bolok     
  52.520     98.600  2765 302070 Azas Plateau    
  48.170     99.700  2400 303010 Taryatu-Chulutu     
  48.670    102.750  1886 303020 Khanuy Gol    
  47.120    109.080  1162 303030 Bus-Obo     
  45.330    114.000  1778 303040 Dariganga Volcanic Field   
  45.280    106.700  1120 303050 Middle Gobi    
  42.500     82.500     0 304020 Tianshan Volcanic Group   
  35.520     80.200  5808 304030 Kunlun Volcanic Group   
  41.470    113.000  1700 305010 Honggeertu     
  47.500    120.700     0 305011 Arshan     
  49.370    125.920   670 305020 Keluo Group    
  48.720    126.120   597 305030 Wudalianchi     
  44.080    128.830  1000 305040 Jingbo     
  42.330    126.500  1000 305050 Longgang Group    
  41.980    128.080  2744 305060 Changbaishan     
  41.330    128.000     0 306010 Xianjindao     
  38.330    127.330   452 306020 Ch'uga-ryong     
  37.500    130.870   984 306030 Ulreung     
  33.370    126.530  1950 306040 Halla     
  52.350    175.911   656 311010 Buldir     
  52.103    177.602  1220 311020 Kiska     
  52.015    178.136  1160 311030 Segula     
  51.970    178.330   328 311040 Davidof     
  51.950    178.543  1174 311050 Little Sitkin    
  51.930    179.580  1221 311060 Semisopochnoi     
  51.790   -178.794  1573 311070 Gareloi     
  51.885   -178.146  1806 311080 Tanaga     
  51.873   -178.006  1449 311090 Takawangha     
  51.910   -177.438   738 311100 Bobrof     
  51.923   -177.168  1307 311110 Kanaga     
  51.944   -176.747  1196 311111 Moffett     
  52.076   -176.130  1740 311120 Great Sitkin    
  52.177   -175.508   314 311130 Kasatochi     
  52.220   -175.130   273 311140 Koniuji     
  52.050   -174.950   560 311150 Sergief     
  52.332   -174.137  1451 311160 Atka     
  52.381   -174.154  1533 311161 Korovin     
  52.315   -172.510  1054 311180 Seguam     
  52.500   -171.252  1066 311190 Amukta     
  52.577   -171.130  1142 311200 Chagulak     
  52.643   -170.629   550 311210 Yunaska     
  52.742   -170.111  1280 311220 Herbert     
  52.894   -170.054  1620 311230 Carlisle     
  52.825   -169.944  1730 311240 Cleveland     
  52.830   -169.770  1170 311241 Tana     
  53.065   -169.770   888 311250 Uliaga     
  52.974   -169.720   893 311260 Kagamil     
  53.130   -168.693  2149 311270 Vsevidof     
  53.157   -168.539  1984 311280 Recheschnoi     
  53.430   -168.130  1073 311290 Okmok     
  53.930   -168.030   150 311300 Bogoslof     
  53.891   -166.923  1800 311310 Makushin     
  54.134   -165.986  1303 311320 Akutan     
  54.518   -164.650  1654 311340 Westdahl     
  54.650   -164.430  1112 311350 Fisher     
  54.756   -163.970  2857 311360 Shishaldin     
  54.765   -163.723  2446 311370 Isanotski     
  54.800   -163.589  1871 311380 Roundtop     
  55.424   -163.149   488 311390 Amak     
  51.988   -176.592   610 311800 Adagdak     
  55.082   -162.814  2012 312010 Frosty     
  55.168   -162.272  1506 312011 Dutton     
  55.341   -162.079  1436 312020 Emmons Lake    
  55.420   -161.887  2519 312030 Pavlof     
  55.453   -161.843  2142 312040 Pavlof Sister    
  55.641   -161.214  1354 312050 Dana     
  55.913   -160.041  1323 312051 Stepovak Bay 2   
  55.929   -160.002  1555 312052 Stepovak Bay 3   
  55.954   -159.954  1557 312053 Stepovak Bay 4   
  56.011   -159.797  1895 312060 Kupreanof     
  56.170   -159.380  2507 312070 Veniaminof     
  56.552   -158.785  1032 312080 Black Peak    
  56.880   -158.170  1341 312090 Aniakchak     
  57.019   -157.185  1345 312100 Yantarni     
  57.135   -156.990  2221 312110 Chiginagak     
  57.203   -156.745  1677 312120 Kialagvik     
  57.751   -156.368  1474 312130 Ugashik-Peulik     
  57.832   -156.510    91 312131 Ukinrek Maars    
  57.870   -155.420   300 312132 Unnamed     
  58.172   -155.361  1863 312140 Martin     
  58.195   -155.253  2165 312150 Mageik     
  58.236   -155.100  1864 312160 Trident     
  58.280   -154.963  2047 312170 Katmai     
  58.270   -155.157   841 312180 Novarupta     
  58.354   -155.092  2317 312190 Griggs     
  58.336   -154.682  2162 312200 Snowy Mountain    
  58.418   -154.449  2287 312210 Denison     
  58.430   -154.400  2272 312220 Steller     
  58.453   -154.355  2043 312230 Kukak     
  58.608   -154.028   901 312250 Kaguyak     
  58.770   -153.672  2105 312260 Fourpeaked     
  58.855   -153.542  2140 312270 Douglas     
  59.363   -153.430  1252 313010 Augustine     
  60.032   -153.090  3053 313020 Iliamna     
  60.485   -152.742  3108 313030 Redoubt     
  61.299   -152.251  3374 313040 Spurr     
  61.640   -152.411  3034 313050 Hayes     
  57.180   -170.300   203 314010 St. Paul Island   
  60.020   -166.330   511 314020 Nunivak Island    
  61.430   -164.470   190 314030 Ingakslugwat Hills    
  63.450   -162.120   715 314040 St. Michael    
  63.600   -170.430   673 314050 Kookooligit Mountains    
  65.600   -163.920   610 314060 Imuruk Lake    
  64.070   -148.420   830 315001 Buzzard Creek    
  62.220   -144.130  4949 315010 Sanford     
  62.000   -144.020  4317 315020 Wrangell     
  62.130   -143.080  2755 315021 Gordon     
  61.380   -141.750  5005 315030 Churchill     
  57.050   -135.750   970 315040 Edgecumbe     
  56.500   -133.100    15 315050 Duncan Canal    
  55.250   -133.300    50 315060 Tlevak Strait-Suemez Is.   
  55.320   -131.050   500 315070 Behm Canal-Rudyerd Bay   
  62.930   -137.380  1239 320010 Fort Selkirk    
  60.420   -135.420  2217 320020 Alligator Lake    
  59.680   -133.320  1880 320030 Atlin Volcanic Field   
  59.370   -130.580  2123 320031 Tuya Volcanic Field   
  58.600   -131.970  2012 320040 Heart Peaks    
  58.420   -131.350  2190 320050 Level Mountain    
  57.720   -130.630  2786 320060 Edziza     
  57.430   -130.680  2430 320070 Spectrum Range    
  56.780   -131.280  1850 320080 Hoodoo Mountain    
  56.580   -130.550  1880 320090 Iskut-Unuk River Cones   
  55.120   -128.900   609 320100 Tseax River Cone   
  54.700   -130.230   335 320110 Crow Lagoon    
  52.500   -128.730   335 320120 Milbanke Sound Group   
  52.470   -124.700  1921 320130 Satah Mountain    
  52.900   -123.730  1230 320140 Nazko     
  52.330   -120.570  2015 320150 Wells Gray-Clearwater    
  51.430   -126.300  3160 320160 Silverthrone     
  50.800   -123.400  2500 320170 Bridge River Cones   
  50.630   -123.500  2680 320180 Meager     
  49.920   -123.030  2316 320190 Garibaldi Lake    
  49.850   -123.000  2678 320200 Garibaldi     
  50.120   -123.280  2375 320811 Cayley Volcanic Field   
  48.777   -121.813  3285 321010 Baker     
  48.112   -121.113  3213 321020 Glacier Peak    
  46.853   -121.760  4392 321030 Rainier     
  46.206   -121.490  3742 321040 Adams     
  46.200   -122.180  2549 321050 St. Helens    
  45.880   -122.080  1329 321060 West Crater    
  45.930   -121.820  1806 321070 Indian Heaven    
  45.374   -121.695  3426 322010 Hood     
  44.674   -121.800  3199 322020 Jefferson     
  44.411   -121.774  1230 322030 Blue Lake Crater   
  44.380   -121.930  1664 322040 Sand Mountain Field   
  44.285   -121.841  2095 322060 Belknap     
  44.170   -121.770  3074 322070 Three Sisters    
  43.979   -121.688  2763 322090 Bachelor     
  43.570   -121.820  2163 322100 Davis Lake    
  43.722   -121.229  2434 322110 Newberry     
  43.512   -120.861  1698 322120 Devils Garden    
  43.241   -122.108  1956 322150 Cinnamon Butte    
  42.930   -122.120  2487 322160 Crater Lake    
  43.100   -118.750  1435 322170 Diamond Craters    
  43.147   -117.460  1473 322190 Jordan Craters    
  41.409   -122.193  4317 323010 Shasta     
  41.611   -121.554  2412 323020 Medicine Lake    
  40.731   -121.841  1535 323050 Silver Lake    
  40.492   -121.508  3187 323080 Lassen Volcanic Center   
  38.970   -122.770  1439 323100 Clear Lake    
  38.000   -119.030  2121 323110 Mono Lake Volcanic Field  
  37.880   -119.000  2796 323120 Mono Craters    
  37.692   -119.020  2629 323130 Inyo Craters    
  37.631   -119.032  3369 323150 Mammoth Mountain    
  37.020   -117.450   752 323160 Ubehebe Craters    
  36.358   -118.320  2886 323170 Golden Trout Creek   
  36.030   -117.820  2400 323180 Coso Volcanic Field   
  34.750   -116.625  1495 323190 Lavic Lake    
  33.200   -115.620   -40 323200 Salton Buttes    
  37.700   -118.870  3390 323822 Long Valley    
  43.183   -114.352  1478 324010 Black Butte Crater Lava Field 
  43.420   -113.500  2005 324020 Craters of the Moon  
  42.880   -113.220  1604 324030 Wapi Lava Field   
  43.500   -112.450  1631 324040 Hell's Half Acre   
  44.430   -110.670  2805 325010 Yellowstone     
  39.530   -118.870  1251 326010 Soda Lakes    
  39.375   -119.720  1415 326801 Steamboat Springs    
  37.580   -112.670  2840 327040 Markagunt Plateau    
  38.970   -112.500  1800 327050 Black Rock Desert   
  33.780   -105.930  1731 327110 Carrizozo     
  34.800   -108.000  2550 327120 Zuni-Bandera     
  35.870   -106.570  3430 327817 Valles Caldera    
  39.661   -107.035  2230 328010 Dotsero     
  36.380   -113.130  1555 329010 Uinkaret Field    
  35.347   -111.678  3850 329020 San Francisco Volcanic Field  
  48.780   -128.640 -2550 331005 West Valley Segment   
  47.950   -129.100 -2050 331010 Endeavour Segment    
  46.880   -129.330 -2100 331011 Cobb Segment    
  46.520   -129.580 -2400 331020 CoAxial Segment    
  45.950   -130.000 -1410 331021 Axial Seamount    
  44.830   -130.300 -2140 331030 Cleft Segment    
  42.670   -126.780 -3000 331031 North Gorda Ridge Segment  
  42.150   -127.050 -3100 331032 Jackson Segment    
  40.980   -127.500 -1700 331040 Escanaba Segment    
  44.267   -129.879 -3000 331060 East Blanco Depression   
  18.920   -155.270  -975 332000 Loihi     
  19.421   -155.287  1222 332010 Kilauea     
  19.475   -155.608  4170 332020 Mauna Loa    
  19.820   -155.470  4205 332030 Mauna Kea    
  19.692   -155.870  2523 332040 Hualalai     
  20.708   -156.250  3055 332060 Haleakala     
  21.822   -158.772 -1200 332080 Kaena     
  23.580   -163.830 -4000 332090 Unnamed     
 -17.570   -148.850 -1400 333010 Teahitia     
 -17.642   -148.600 -2100 333020 Rocard     
 -18.320   -148.670  -160 333030 Moua Pihaa    
 -17.870   -148.070   435 333040 Mehetia     
 -25.370   -129.270   -39 333050 Adams Seamount    
 -28.980   -140.250   -39 333060 Macdonald     
  16.550   -105.320 -2700 334020 Northern EPR-Segment RO2   
  15.830   -105.430 -2300 334021 Northern EPR-Segment RO3   
  10.730   -103.580     0 334040 Unnamed     
   9.830   -104.300 -2500 334050 Unnamed     
   0.792    -86.150 -2430 334070 Galapagos Rift    
  -8.270   -107.950 -2800 334100 Unnamed     
 -17.436   -113.206 -2566 334120 Southern EPR-Segment K   
 -18.175   -113.350 -2650 334130 Southern EPR-Segment J   
 -18.530   -113.420 -2600 334140 Southern EPR-Segment I   
 -49.680    178.770   402 335010 Antipodes Island    
 -53.998   -139.845 -1000 335020 Unnamed     
 -55.970   -143.170     0 335030 Unnamed     
  32.418   -115.305   223 341000 "Prieto, Cerro"    
  31.772   -113.498  1200 341001 Pinacate     
  30.468   -115.996   260 341002 San Quintin Volcanic Field  
  29.970   -114.400   180 341003 "San Luis, Isla"   
  29.330   -114.500   960 341004 Jaraguay Volcanic Field   
  29.080   -113.513   440 341005 Coronado     
  29.070   -118.280  1100 341006 Guadalupe     
  28.500   -113.750  1360 341007 San Borja Volcanic Field  
  27.470   -112.591  1940 341010 Tres Virgenes    
  27.430   -111.880   210 341011 "Tortuga, Isla"    
  26.000   -111.920   780 341012 Comondu-La Purisima    
  19.300   -110.820   332 341020 Barcena     
  18.780   -110.950  1050 341021 Socorro     
  24.150   -104.450  2075 341022 Durango Volcanic Field   
  21.848   -105.886    95 341023 "Isabel, Isla"    
  21.450   -104.730  2340 341024 Sanganguey     
  21.125   -104.508  2280 341030 Ceboruco     
  20.620   -104.830  2560 341031 Mascota Volcanic Field   
  19.514   -103.620  3850 341040 Colima     
  19.850   -101.750  3860 341060 Michoacan-Guanajuato     
  19.400   -100.250  3500 341061 Zitacuaro-Valle de Bravo   
  19.730    -99.758  3900 341062 Jocotitlan     
  19.108    -99.758  4680 341070 "Toluca, Nevado de"   
  19.080    -99.130  3930 341080 Chichinautzin     
  19.308    -98.700  3600 341081 Papayo     
  19.179    -98.642  5230 341082 Iztaccihuatl     
  19.023    -98.622  5426 341090 Popocatepetl     
  19.231    -98.032  4461 341091 "Malinche, La"    
  19.270    -97.470  3485 341092 Serdan-Oriental     
  19.680    -97.450  3150 341093 "Humeros, Los"    
  19.809    -96.526   800 341094 "Atlixcos, Los"    
  19.670    -96.750  2000 341095 Naolinco Volcanic Field   
  19.492    -97.150  4282 341096 Cofre de Perote   
  19.330    -97.250  3500 341097 "Gloria, La"    
  19.150    -97.270  3940 341098 "Cumbres, Las"    
  19.030    -97.268  5675 341100 "Orizaba, Pico de"   
  18.570    -95.200  1650 341110 San Martin    
  17.360    -93.228  1150 341120 "Chichon, El"    
  15.130    -92.112  4060 341130 Tacana     
  27.600   -112.530  1300 341802 "Aguajito, El"    
  26.520   -111.475     0 341804 "Púlpito, Punta"    
  20.620   -103.520  2270 341820 "Primavera, Sierra la"   
  19.850   -100.630  3400 341824 "Azufres, Los"    
  15.034    -91.903  4220 342020 Tajumulco     
  14.756    -91.552  3772 342030 Santa Maria    
  14.820    -91.480  3197 342040 Almolonga     
  14.583    -91.186  3535 342060 Atitlan     
  14.612    -91.189  3158 342070 Toliman     
  14.501    -90.876  3976 342080 Acatenango     
  14.473    -90.880  3763 342090 Fuego     
  14.465    -90.743  3760 342100 Agua     
  14.381    -90.601  2552 342110 Pacaya     
  14.330    -90.400  1454 342111 Cuilapa-Barbarena     
  14.156    -90.407  1845 342120 Tecuamburro     
  14.336    -90.269  1815 342121 Jumaytepeque     
  14.030    -90.100  1662 342130 Moyuta     
  14.308    -89.992  1600 342140 Flores     
  14.430    -89.900  1716 342141 Tahual     
  14.330    -89.870  1192 342150 "Santiago, Cerro"    
  14.400    -89.780  2042 342160 Suchitan     
  14.120    -89.730  1775 342170 Chingo     
  14.420    -89.680  1292 342180 Ixtepeque     
  14.550    -89.630  1650 342190 Ipala     
  14.830    -89.550  1192 342200 Chiquimula Volcanic Field   
  14.570    -89.450  1200 342210 Quezaltepeque     
  14.710    -91.479  3542 342800 Santo Tomas    
  14.270    -89.480   781 343001 San Diego    
  14.050    -89.650   957 343002 "Singuil, Cerro"    
  13.891    -89.786  2036 343010 Apaneca Range    
  13.853    -89.630  2381 343020 Santa Ana    
  13.813    -89.633  1950 343030 Izalco     
  13.870    -89.550   746 343041 Coatepeque Caldera    
  13.734    -89.294  1893 343050 San Salvador    
  14.020    -89.250   665 343051 "Cinotepeque, Cerro"    
  13.900    -89.120  1438 343052 Guazapa     
  13.672    -89.053   450 343060 Ilopango     
  13.595    -88.837  2182 343070 San Vicente    
  13.720    -88.770   700 343071 Apastepeque Field    
  13.435    -88.532  1172 343072 Taburete     
  13.494    -88.502  1593 343080 Tecapa     
  13.419    -88.471  1449 343081 Usulutan     
  13.470    -88.430  1640 343082 "Tigre, El"    
  13.478    -88.330  1300 343090 Chinameca     
  13.434    -88.269  2130 343100 San Miguel    
  13.428    -88.105   181 343101 "Aramuaca, Laguna"    
  13.275    -87.845  1225 343110 Conchagua     
  13.229    -87.767   505 343120 Conchaguita     
  13.272    -87.641   783 343130 "Tigre, Isla el"   
  13.330    -87.630   640 343140 "Zacate Grande, Isla"   
  14.980    -87.980  1090 343150 "Yojoa, Lake"    
  16.100    -86.900    74 343160 Utila Island    
  12.980    -87.570   872 344010 Cosiguina     
  12.702    -87.004  1745 344020 San Cristobal    
  12.602    -86.845  1061 344040 Telica     
  12.550    -86.750   832 344060 Rota     
  12.506    -86.702   728 344070 "Negro, Cerro"    
  12.495    -86.688  1088 344080 "Pilas, Las"    
  12.422    -86.540  1297 344090 Momotombo     
  12.242    -86.342   518 344091 Apoyeque     
  12.120    -86.320   360 344092 Nejapa-Miraflores     
  11.984    -86.161   635 344100 Masaya     
  11.920    -85.980   300 344101 Granada     
  11.826    -85.968  1344 344110 Mombacho     
  11.730    -85.820   629 344111 Zapatera     
  11.538    -85.622  1700 344120 Concepcion     
  13.170    -86.400   899 344131 Esteli     
  12.530    -86.142   603 344132 "Ciguatepe, Cerro el"   
  12.300    -85.730   926 344133 "Lajas, Las"    
  12.530    -83.870   201 344140 "Azul, Volcan"    
  10.980    -85.473  1659 345010 Orosi     
  10.830    -85.324  1916 345020 Rincon de la Vieja  
  10.748    -85.153  2028 345030 Miravalles     
  10.673    -85.015  1916 345031 Tenorio     
  10.463    -84.703  1670 345033 Arenal     
  10.300    -84.366  2267 345034 Platanar     
  10.200    -84.233  2708 345040 Poas     
  10.135    -84.100  2906 345050 Barva     
   9.979    -83.852  3432 345060 Irazu     
  10.025    -83.767  3340 345070 Turrialba     
   8.808    -82.543  3474 346010 Baru     
   8.580    -80.170  1185 346030 "Valle, El"    
   8.470    -80.820  1297 346801 "Yeguada, La"    
   5.206    -75.364  3858 351011 Romeral     
   5.092    -75.300  4000 351012 "Bravo, Cerro"    
   4.895    -75.322  5321 351020 "Ruiz, Nevado del"   
   4.820    -75.370  4950 351021 Santa Isabel    
   4.670    -75.330  5200 351030 "Tolima, Nevado del"   
   4.480    -75.392  2650 351040 Machin     
   2.930    -76.030  5364 351050 "Huila, Nevado del"   
   2.320    -76.400  4650 351060 Purace     
   2.108    -76.592  4400 351061 Sotara     
   1.570    -76.780  4054 351062 Petacas     
   1.470    -76.920  4150 351070 Dona Juana    
   1.220    -77.370  4276 351080 Galeras     
   1.080    -77.680  4070 351090 Azufral     
   0.950    -77.870  4764 351100 Cumbal     
   0.828    -77.964  4445 351110 "Negro de Mayasquer, Cerro"  
   0.552    -77.580  3955 352001 Soche     
   0.468    -78.287  4106 352002 Chachimbiro     
   0.308    -78.364  3246 352003 Cuicocha     
   0.258    -78.183  4609 352004 Imbabura     
   0.130    -78.270  4263 352005 Mojanda     
   0.029    -77.986  5790 352006 Cayambe     
  -0.077    -77.656  3562 352010 Reventador     
   0.038    -78.463  3356 352011 Pululagua     
  -0.171    -78.598  4784 352020 Guagua Pichincha    
  -0.353    -78.617  4463 352021 Atacazo     
  -0.375    -78.250  4643 352022 Chacana     
  -0.481    -78.141  5753 352030 Antisana     
  -0.530    -78.000  4267 352031 Aliso     
  -0.538    -77.626  3990 352040 Sumaco     
  -0.659    -78.714  5248 352041 Illiniza     
  -0.677    -78.436  5911 352050 Cotopaxi     
  -0.850    -78.900  3914 352060 Quilotoa     
  -1.464    -78.815  6310 352071 Chimborazo     
  -1.467    -78.442  5023 352080 Tungurahua     
  -1.780    -78.613  3336 352081 Licto     
  -2.005    -78.341  5286 352090 Sangay     
  -0.370    -91.550  1476 353010 Fernandina     
  -0.020    -91.546   790 353011 Ecuador     
   0.020    -91.350  1710 353020 Wolf     
  -0.180    -91.280  1330 353030 Darwin     
  -0.430    -91.120  1130 353040 Alcedo     
  -0.830    -91.170  1124 353050 "Negra, Sierra"    
  -0.920    -91.408  1640 353060 "Azul, Cerro"    
   0.580    -90.750   780 353070 Pinta     
   0.330    -90.470   343 353080 Marchena     
   0.320    -89.958    64 353081 Genovesa     
  -0.220    -90.770   920 353090 Santiago     
  -0.620    -90.330   864 353091 Santa Cruz    
  -0.880    -89.500   759 353120 San Cristóbal    
  -0.806    -90.070   200 353804 Santa Fe    
 -14.200    -71.330  3923 354000 Quimsachata     
 -15.070    -73.180  4980 354001 "Auquihuato, Cerro"    
 -15.330    -73.450  5522 354002 Sara Sara    
 -15.520    -72.650  6377 354003 Coropuna     
 -15.420    -72.330  4713 354004 Andahua-Orcopampa     
 -15.830    -72.130  4550 354005 Huambo     
 -15.780    -71.850  5967 354006 Sabancaya     
 -16.191    -71.530  6057 354007 "Chachani, Nevado"    
 -16.258    -71.753  2520 354008 "Nicholson, Cerro"    
 -16.294    -71.409  5822 354010 "Misti, El"    
 -16.355    -70.903  5672 354020 Ubinas     
 -16.608    -70.850  4850 354030 Huaynaputina     
 -16.755    -70.595  5408 354031 Ticsani     
 -17.025    -70.358  5815 354040 Tutupaca     
 -17.180    -70.200  5550 354050 Yucamane     
 -17.470    -69.813  5650 354060 "Casiri, Nevados"    
 -17.720    -69.770  5980 355010 Tacora     
 -18.100    -69.500  5860 355011 Taapaca     
 -18.170    -69.150  6348 355012 Parinacota     
 -18.420    -69.092  6071 355020 Guallatiri     
 -18.620    -68.750  4215 355021 Tambo Quemado    
 -19.150    -68.830  5550 355030 Isluga     
 -19.130    -68.530  5430 355032 Tata Sabaya    
 -19.450    -67.420  3650 355035 "Jayu Khota, Laguna"   
 -19.780    -66.480  5438 355036 Nuevo Mundo    
 -20.730    -68.550  5163 355040 Irruputuncu     
 -20.850    -68.200  5543 355042 Pampa Luxsar    
 -20.930    -68.480  5407 355050 Olca-Paruma     
 -21.300    -68.180  5868 355060 Ollague     
 -21.787    -68.237  5846 355061 "Azufre, Cerro del"   
 -21.880    -68.400  6145 355070 San Pedro    
 -22.550    -67.850  5890 355090 Putana     
 -22.720    -67.892  5971 355091 Sairecabur     
 -22.830    -67.880  5916 355092 Licancabur     
 -22.895    -67.566  5598 355093 Guayaques     
 -23.000    -67.750  5703 355094 Purico Complex    
 -23.236    -67.645  5631 355095 Colachi     
 -23.300    -67.620  6046 355096 Acamarachi     
 -23.520    -67.670  4555 355097 "Overo, Cerro"    
 -23.580    -67.700  5778 355098 Chiliques     
 -23.370    -67.730  5592 355100 Láscar     
 -23.743    -67.534  5852 355101 Cordon de Puntas Negras  
 -23.820    -67.770  5910 355102 Miniques     
 -23.830    -67.950  3550 355103 "Tujle, Cerro"    
 -23.950    -67.730  4450 355104 Caichinque     
 -23.970    -68.130  3116 355105 Tilocalar     
 -24.180    -68.250  3500 355106 "Negrillar, El"    
 -24.188    -68.054  6233 355107 Pular     
 -24.280    -68.600  4109 355108 "Negrillar, La"    
 -24.396    -68.246  6031 355109 Socompa     
 -24.720    -68.530  6739 355110 Llullaillaco     
 -25.083    -68.367  5451 355112 Escorial     
 -25.168    -68.507  5706 355120 Lastarria     
 -25.336    -68.521  5481 355121 Cordon del Azufre   
 -25.414    -68.588  5413 355122 "Bayo Gorbea, Cerro"   
 -26.480    -68.580  6173 355123 "Nevada, Sierra"    
 -26.800    -68.370  5906 355124 Falso Azufre    
 -27.033    -68.296  6638 355125 "Incahuasi, Nevado de"   
 -27.109    -68.541  6879 355130 "Ojos del Salado, Nevados"  
 -27.105    -68.713  6205 355131 "Solo, El"    
 -27.300    -69.130  6052 355140 Copiapo     
 -24.050    -66.480  5486 355150 Tuzgle     
 -24.290    -67.783  6095 355160 Aracar     
 -25.100    -68.270     0 355161 Unnamed     
 -26.120    -67.400  3495 355180 Antofagasta     
 -26.632    -68.361  6373 355190 "Condor, El"    
 -26.623    -68.116  5741 355200 Peinado     
 -26.789    -67.765  4670 355210 "Blanco, Cerro"    
 -27.196    -68.561  6658 355220 Tipas     
 -21.220    -68.470  6176 355823 Aucanquilcha     
 -22.270    -67.180  6008 355838 Uturuncu     
 -26.280    -80.120   193 356010 San Felix    
 -27.150   -109.380   511 356011 Easter Island    
 -33.658    -78.850   922 356020 Robinson Crusoe    
 -33.427    -76.870  -642 356040 Seamount JF6    
 -33.425    -69.797  5660 357010 Tupungatito     
 -33.789    -69.895  6070 357020 San Jose    
 -34.164    -69.832  5323 357021 Maipo     
 -34.608    -70.295  4860 357022 Palomo     
 -34.650    -70.050  5189 357023 "Atuel, Caldera del"   
 -34.917    -69.981  4999 357024 Risco Plateado    
 -34.814    -70.352  4280 357030 Tinguiririca     
 -35.223    -70.568  3977 357040 Planchon-Peteroa     
 -35.142    -69.830     0 357041 Infiernillo     
 -35.558    -70.496  3508 357042 Calabozos     
 -35.580    -70.750  3953 357050 Descabezado Grande    
 -35.653    -70.761  3788 357060 "Azul, Cerro"    
 -36.020    -70.580  3092 357061 "Maule, Laguna del"   
 -35.989    -70.849  3621 357062 San Pedro-Pellado    
 -36.193    -71.161  3242 357063 "Longavi, Nevado de"   
 -36.286    -71.009  2268 357064 "Blancas, Lomas"    
 -36.450    -70.920  1890 357065 "Resago, Volcan"    
 -36.420    -69.200  3715 357066 Payún Matru    
 -36.638    -70.432  4702 357067 Domuyo     
 -36.863    -71.377  3212 357070 "Chillán, Nevados de"   
 -36.739    -69.834  1435 357071 Cochiquito Volcanic Group   
 -37.144    -70.033  4114 357072 Tromen     
 -37.522    -69.560  1332 357073 Puesto Cortaderas    
 -37.406    -71.349  2979 357080 Antuco     
 -37.738    -70.906  2505 357081 Trolon     
 -37.856    -71.183  2953 357090 Copahue     
 -37.920    -71.450  3164 357091 Callaqui     
 -38.270    -71.100  2143 357092 "Mariñaqui, Laguna"    
 -38.310    -71.645  2806 357093 Tolguaca     
 -38.377    -71.580  2865 357100 Lonquimay     
 -38.520    -70.900     0 357101 Tralihue     
 -39.020    -70.370  1700 357102 "Blanca, Laguna"    
 -38.692    -71.729  3125 357110 Llaima     
 -38.970    -71.520  2282 357111 Sollipulli     
 -39.250    -71.700  1496 357112 Caburgua-Huelemolle     
 -39.420    -71.930  2847 357120 Villarrica     
 -39.500    -71.700  2360 357121 Quetrupillan     
 -39.637    -71.502  3776 357122 Lanin     
 -39.887    -71.580  2189 357123 Huanquihue Group    
 -39.927    -72.027  2422 357130 Mocho-Choshuenco     
 -40.350    -72.070  1114 357140 Carrán-Los Venados    
 -40.590    -72.117  2236 357150 Puyehue-Cordón Caulle    
 -40.768    -71.943  1897 357152 "Pantojo, Cerro"    
 -40.771    -72.153  1990 357153 Antillanca Group    
 -40.969    -72.264  2493 357160 Puntiagudo-Cordon Cenizos    
 -41.100    -72.493  2652 358010 Osorno     
 -41.157    -71.885  3478 358011 Tronador     
 -41.250    -72.270   506 358012 Cayutue-La Vigueria    
 -41.326    -72.614  2003 358020 Calbuco     
 -41.400    -72.000  1862 358021 Cuernos del Diablo   
 -41.755    -72.396  2187 358022 Yate     
 -41.874    -72.431  1572 358023 Hornopiren     
 -41.880    -72.580  1210 358024 Apagado     
 -42.018    -70.194  1344 358025 Crater Basalt Volcanic Field  
 -42.377    -72.578  1318 358030 Huequi     
 -42.793    -72.439  2404 358040 Minchinmavida     
 -42.833    -72.646  1122 358041 Chaiten     
 -43.497    -72.810  2049 358049 Yanteles     
 -43.189    -72.794  1826 358050 Corcovado     
 -43.780    -72.470  2991 358051 Palena Volcanic Group   
 -44.080    -72.880  2400 358052 Melimoyu     
 -44.300    -72.530   524 358053 Puyuhuapi     
 -44.700    -73.080  1660 358054 Mentolat     
 -45.059    -72.984  2090 358055 Cay     
 -45.100    -73.170  2960 358056 Maca     
 -45.900    -72.970  1905 358057 "Hudson, Cerro"    
 -46.170    -72.670     0 358058 Río Murta    
 -47.200    -73.480  3437 358059 Arenales     
 -49.020    -73.550  3607 358060 Lautaro     
 -49.358    -73.280  1500 358061 "Viedma, Volcan"    
 -50.330    -73.750  2546 358062 Aguilera     
 -50.964    -73.585  1000 358063 Reclus     
 -45.220    -73.050     0 358064 Meullin     
 -52.330    -73.400  1758 358070 "Burney, Monte"    
 -52.082    -69.698   282 358080 Pali-Aike Volcanic Field   
 -54.950    -70.250   150 358090 Fueguino     
  17.630    -63.230   887 360010 Saba     
  17.478    -62.960   601 360020 "Quill, The"    
  17.370    -62.800  1156 360030 Liamuiga     
  17.150    -62.580   985 360040 Nevis Peak    
  16.720    -62.180   915 360050 Soufrière Hills    
  16.044    -61.664  1467 360060 Soufriere Guadeloupe    
  15.612    -61.430   861 360080 "Diables, Morne aux"   
  15.503    -61.397  1430 360090 "Diablotins, Morne"    
  15.370    -61.330  1387 360100 "Trois Pitons, Morne"   
  15.307    -61.305  1224 360101 "Watt, Morne"    
  15.255    -61.341   940 360110 "Plat Pays, Morne"   
  14.809    -61.165  1394 360120 Pelee     
  13.830    -61.050   777 360140 Qualibou     
  13.330    -61.180  1220 360150 Soufrière St. Vincent   
  12.300    -61.640  -185 360160 Kick 'em Jenny   
  12.150    -61.670   840 360170 St. Catherine    
  16.120    -61.750   420 360811 Bouillante Chain    
  64.800    -23.780  1448 370010 Snaefellsjokull     
  64.870    -23.250   647 370020 Lysuholl     
  64.870    -22.230  1063 370030 Ljosufjoll     
  63.880    -22.500   230 371020 Reykjanes     
  63.930    -22.100   379 371030 Krisuvik     
  63.920    -21.830   621 371040 Brennisteinsfjoll     
  64.080    -21.320   803 371050 Hengill     
  64.073    -21.202   540 371051 Hrómundartindur     
  64.030    -20.870   214 371060 Grimsnes     
  64.600    -20.580  1400 371070 Prestahnukur     
  64.750    -19.980  1360 371080 Langjokull     
  64.780    -18.920  1782 371090 Hofsjokull     
  64.020    -21.170   497 371801 Grensdalur     
  64.320    -20.300   700 371803 Geysir     
  63.430    -20.280   279 372010 Vestmannaeyjar     
  63.630    -19.620  1666 372020 Eyjafjallajokull     
  63.630    -19.050  1512 372030 Katla     
  63.780    -19.570  1463 372040 Tindfjallajokull     
  63.920    -19.170  1259 372050 Torfajokull     
  63.980    -19.700  1491 372070 Hekla     
  64.420    -17.330  1725 373010 Grimsvotn     
  64.630    -17.530  2009 373030 Bardarbunga     
  64.730    -17.920  1535 373040 Tungnafellsjokull     
  64.650    -16.720  1929 373050 Kverkfjoll     
  65.030    -16.750  1516 373060 Askja     
  65.430    -16.650   939 373070 Fremrinamur     
  65.730    -16.780   818 373080 Krafla     
  65.880    -16.830   564 373090 Theistareykjarbunga     
  66.300    -17.100     0 373100 Tjornes Fracture Zone   
  64.000    -16.650  2119 374010 Oraefajokull     
  64.270    -16.650  1760 374020 Esjufjoll     
  66.670    -18.500     5 375010 Kolbeinsey Ridge    
  71.080     -8.170  2277 376010 Jan Mayen    
  85.580     85.000 -3800 377020 Unnamed     
  48.384    -35.132 -2508 381020 Evlanov Seamount    
  38.750    -38.080 -4200 381040 Pico Fracture Zone   
  39.462    -31.216   914 382001 Flores     
  39.699    -31.111   718 382002 Corvo     
  38.600    -28.730  1043 382010 Fayal     
  38.470    -28.400  2351 382020 Pico     
  38.650    -28.080  1053 382030 San Jorge    
  39.020    -27.970   402 382040 Graciosa     
  38.730    -27.320  1023 382050 Terceira     
  38.230    -26.630   -13 382070 Don Joao de Castro Bank 
  37.870    -25.780   856 382080 Sete Cidades    
  37.780    -25.670   350 382081 Picos Volcanic System   
  37.770    -25.470   947 382090 Agua de Pau   
  37.770    -25.320   805 382100 Furnas     
  37.600    -25.880  -197 382110 Monaco Bank    
  32.730    -16.970  1862 382120 Madeira     
  28.570    -17.830  2426 383010 La Palma    
  27.730    -18.030  1500 383020 Hierro     
  28.271    -16.641  3715 383030 Tenerife     
  28.000    -15.580  1950 383040 Gran Canaria    
  28.358    -14.020   529 383050 Fuerteventura     
  29.030    -13.630   670 383060 Lanzarote     
  14.950    -24.350  2829 384010 Fogo     
  14.850    -24.720   900 384020 Brava     
  16.850    -24.970   725 384030 Sao Vicente    
  -0.433    -19.596 -1528 385030 Romanche Fracture Zone   
  -7.950    -14.370   858 385050 Ascension     
 -20.514    -29.331   600 385051 Trindade     
 -32.958     -5.220     0 385052 Unnamed     
 -37.092    -12.280  2060 386010 Tristan da Cunha   
 -37.420    -12.480   365 386011 Nightingale Island    
 -54.420      3.350   780 386020 Bouvet     
 -66.780    163.250  1239 390010 Buckle Island    
 -66.420    162.470  1340 390011 Young Island    
 -67.400    164.830  1167 390012 Sturge Island    
 -72.670    165.500  3040 390013 "Pleiades, The"    
 -73.450    164.580  2987 390014 Unnamed     
 -74.350    164.700  2732 390015 Melbourne     
 -76.830    163.000  -500 390016 Unnamed     
 -78.500    163.530  2723 390017 "Morning, Mount"    
 -77.530    167.170  3794 390020 Erebus     
 -78.250    163.330  3000 390021 Royal Society Range   
 -76.050   -136.000  3478 390022 Berlin     
 -75.800   -132.330  2978 390023 Andrus     
 -77.170   -126.880  3292 390024 Waesche     
 -73.430   -126.670  3110 390025 Siple     
 -75.800   -115.830  3595 390026 Toney Mountain    
 -76.280   -112.080  3460 390027 Takahe     
 -74.330    -99.420   749 390028 Hudson Mountains    
 -68.850    -90.580  1640 390029 Peter I Island   
 -63.001    -60.652   602 390030 Deception Island    
 -62.100    -57.930   180 390031 Penguin Island    
 -63.579    -55.780   353 390041 Paulet     
 -65.030    -60.050   368 390050 Seal Nunataks Group   
 -59.458    -27.186  1075 390070 Thule Islands    
 -59.063    -26.587  1100 390080 Bristol Island    
 -58.420    -26.330  1370 390081 Montagu Island    
 -57.787    -26.460   990 390090 Michael     
 -57.080    -26.670   550 390100 Candlemas Island    
 -56.712    -27.176   835 390110 Hodson     
 -56.656    -28.140   190 390120 Leskov Island    
 -56.300    -27.570   551 390130 Zavodovski     
 -56.014    -28.246   -27 390140 Protector Shoal    
 -73.450    165.500  2600 390812 "Rittmann, Mount"    
 -64.150    -57.750  1630 390829 James Ross Island   
 -62.020    -57.670   549 390847 Melville     
